0.352393 9.64347
0.494556 8.07644
0.542435 7.55977
0.508226 7.59468
0.532876 7.32193
0.578142 7.00238
0.56232 7.60578
0.542001 7.93477
0.648521 6.81286
0.62534 6.83144
0.575291 7.17961
0.612466 6.78808
0.617245 6.82742
0.619289 6.91851
0.572496 7.07272
0.552806 7.21214
0.596787 6.73156
0.603854 6.77647
0.607805 6.78251
0.566359 7.27731
0.584006 7.41076
0.603659 7.03834
0.596205 6.99991
0.619397 6.80526
0.608896 6.85294
0.596498 6.95938
0.602603 6.85253
0.602294 6.85626
0.583712 7.02414
0.578515 7.11255
0.610409 6.9597
0.599693 6.9126
0.596558 6.79119
0.605172 6.80404
0.608362 6.92817
0.598941 6.90755
0.59009 6.99022
0.588279 6.95846
0.599624 6.98518
0.60466 7.03367
0.598581 7.04333
0.602908 6.96159
0.586584 7.11755
0.59516 6.97337
0.57446 7.29942
0.57517 7.34137
0.61199 7.20001
0.611842 6.96003
0.608489 7.01874
0.611192 6.8803
0.601879 6.82021
0.605462 7.04884
0.604526 7.05144
0.611395 6.8237
0.614572 6.80654
0.600143 6.96646
0.607759 6.83037
0.607066 6.97554
0.599714 6.94464
0.616049 6.8757
0.605075 6.88986
0.606372 6.9388
0.603315 7.0773
0.609886 6.85234
0.610092 6.7935
0.616595 6.77377
0.612549 6.81852
0.60669 6.88503
0.606168 6.84933
0.597247 6.90212
0.604372 6.87814
0.610604 6.96007
0.614351 6.98569
0.607753 6.98871
0.618671 6.80033
0.611052 6.87914
0.607334 6.91066
0.611131 6.89886
0.620996 6.96109
0.626342 6.85304
0.622816 6.95216
0.621147 6.9708
0.612972 6.98008
0.617741 7.00742
0.630039 7.0325
0.633166 6.9479
0.628592 6.8558
0.628859 6.9261
0.636 6.67407
0.64 6.77852
0.633945 6.907
0.635875 6.90062
0.634347 6.90603
0.631729 6.97509
0.628081 7.07813
0.632463 6.96962
0.628407 6.81636
0.627374 7.04956
0.631617 7.01635
0.636003 6.95288
0.621169 6.96101
0.631768 7.02832
0.623517 6.9694
0.628602 6.74085
0.627924 6.70097
0.628837 6.72197
0.627841 6.86835
0.629801 6.78436
0.629234 6.79024
0.629061 6.73463
0.626791 6.7412
0.629338 6.77878
0.629564 6.91962
0.633298 6.91655
0.622128 7.01282
0.629907 6.88975
0.625712 6.75298
0.616915 6.81305
0.627549 6.68471
0.629748 6.89238
0.626472 6.73223
0.633034 6.72529
0.631353 6.61368
0.633607 6.75056
0.626378 6.90896
0.63103 6.96383
0.623475 6.80665
0.621708 6.88726
0.624242 6.93702
0.622601 6.89951
0.642094 6.86961
0.646804 6.72866
0.646315 6.73203
0.64552 6.79219
0.628105 6.85052
0.640316 6.69462
0.638283 6.74735
0.638789 6.72185
0.626202 6.73324
0.629471 6.60561
0.6278 6.62361
0.629234 6.54679
0.632421 6.74672
0.630419 6.7979
0.633738 6.80336
0.63274 6.71431
0.635464 6.74068
0.639589 6.65728
0.638829 6.5419
0.629695 6.52937
0.629381 6.52339
0.640413 6.61893
0.643699 6.66193
0.637178 6.76002
0.632106 6.73351
0.6322 6.69982
0.641235 6.70401
0.648513 6.61094
0.643934 6.58089
0.638146 6.69126
0.647417 6.60989
0.649198 6.66934
0.653915 6.6879
0.655496 6.57623
0.645138 6.59176
0.642908 6.66556
0.64552 6.6344
0.642857 6.63148
0.640043 6.64559
0.642908 6.62859
0.643806 6.60791
0.646573 6.72532
0.643394 6.69297
0.645669 6.78565
0.643575 6.80462
0.643703 6.80081
0.643761 6.5667
0.651138 6.68498
0.645115 6.8646
0.642271 6.80841
0.64 6.74703
0.652391 6.58108
0.655603 6.57352
0.656205 6.572
0.645552 6.67801
0.646115 6.72193
0.646953 6.50228
0.645299 6.66008
0.649499 6.61405
0.655667 6.74203
0.653956 6.87778
0.654584 6.84643
0.664851 6.59766
0.659957 6.74182
0.654202 6.86014
0.658545 6.80754
0.660547 6.61687
0.663672 6.73463
0.664242 6.69595
0.662375 6.71598
0.659879 6.70673
0.660201 6.62075
0.659148 6.63278
0.654106 6.77213
0.652282 6.66237
0.649503 6.79533
0.659808 6.78815
0.672563 6.56095
0.678455 6.63278
0.677233 6.72912
0.67316 6.64044
0.681851 6.45914
0.671356 6.53332
0.654339 6.61307
0.675627 6.62421
0.690007 6.42415
0.688865 6.5164
0.676492 6.74066
0.682209 6.70399
0.675607 6.49813
0.669197 6.62628
0.667629 6.6705
0.660676 6.60401
0.652714 6.76298
0.66086 6.79128
0.666073 6.73397
0.667025 6.77034
0.664995 6.75096
0.673536 6.75159
0.66798 6.81599
0.670968 6.83442
0.677698 6.41215
0.672284 6.39301
0.665711 6.46786
0.669047 6.49543
0.671286 6.59838
0.676956 6.48755
0.679741 6.47389
0.676735 6.60143
0.678198 6.53396
0.671663 6.45293
0.675492 6.3947
0.681655 6.32287
0.67793 6.2922
0.677061 6.3538
0.672254 6.45148
0.675869 6.42793
0.670491 6.4431
0.676122 6.41524
0.67396 6.39833
0.678814 6.42495
0.672844 6.4741
0.677641 6.46486
0.666193 6.49395
0.671296 6.52774
0.690981 6.47119
0.688554 6.62153
0.69142 6.4702
0.692752 6.58379
0.696189 6.49267
0.701237 6.4681
0.688037 6.70377
0.691532 6.60273
0.692252 6.49808
0.6978 6.48559
0.695951 6.35546
0.70105 6.52458
0.695965 6.4913
0.695197 6.41752
0.696609 6.4872
0.693629 6.51575
0.684154 6.53333
0.692391 6.66346
0.691532 6.66811
0.694384 6.62691
0.699313 6.45421
0.700253 6.61204
0.696674 6.61309
0.694866 6.49962
0.687838 6.48137
0.68833 6.66074
0.693133 6.3622
0.696499 6.30099
0.693914 6.39212
0.685232 6.31302
0.679017 6.22426
0.680028 6.35415
0.676764 6.41364
0.677615 6.31265
0.685389 6.43354
0.690237 6.26768
0.6875 6.30724
0.690792 6.37122
0.693491 6.37424
0.689815 6.48929
0.69228 6.52281
0.691643 6.45705
0.686648 6.47565
0.688307 6.48601
0.691129 6.49611
0.69735 6.42693
0.690896 6.36153
0.679799 6.25387
0.671775 6.42073
0.681413 6.43758
0.699428 6.40508
0.707615 6.42286
0.700972 6.29
0.701289 6.52858
0.717091 6.49176
0.726742 6.43469
0.71645 6.33668
0.71604 6.28933
0.713666 6.38963
0.709025 6.40045
0.707792 6.4772
0.715215 6.41425
0.720727 6.39721
0.71651 6.34067
0.708947 6.33631
0.709469 6.43206
0.7066 6.47265
0.715573 6.51585
0.717486 6.44035
0.718152 6.4362
0.721335 6.38614
0.718569 6.50279
0.717995 6.41855
0.716974 6.3641
0.717532 6.36606
0.714337 6.50758
0.714438 6.13421
0.718426 6.23259
0.717857 6.30694
0.718049 6.35479
0.712607 6.17719
0.718049 6.0998
0.718627 6.23722
0.72053 6.27565
0.709072 6.2748
0.709848 6.31493
0.712197 6.29018
0.707534 6.44262
0.710921 6.27736
0.709368 6.32947
0.711443 6.27211
0.714744 6.28398
0.706217 6.2808
0.70697 6.16989
0.704006 6.28962
0.705695 6.32197
0.708466 6.29137
0.71075 6.46239
0.702158 6.36296
0.704456 6.25799
0.709837 6.39121
0.716767 6.2319
0.72404 6.20731
0.716614 6.31788
0.717168 6.29548
0.71823 6.25625
0.723148 6.36642
0.72236 6.33781
0.731418 6.25775
0.722084 6.31347
0.722578 6.32533
0.728089 6.22761
0.727701 6.15269
0.721352 6.32104
0.725392 6.37555
0.729099 6.18599
0.726915 6.16992
0.731237 6.14472
0.735822 6.25086
0.735694 6.42536
0.731725 6.28889
0.730755 6.35871
0.728187 6.3407
0.737711 6.35404
0.73059 6.19142
0.733645 6.21713
0.73764 6.08368
0.717399 6.32903
0.728814 6.39956
0.739254 6.34572
0.733997 6.07647
0.734875 6.02916
0.731354 6.27617
0.73896 6.24296
0.732628 6.18003
0.739893 6.04159
0.733025 5.93681
0.729883 6.07384
0.716684 6.23647
0.724284 6.20235
0.726629 6.19942
0.728491 6.11587
0.729653 6.088
0.733476 6.08856
0.736805 6.16551
0.736431 6.13936
0.737513 6.1559
0.738341 6.17291
0.736077 6.39534
0.737442 6.24398
0.740515 6.14963
0.735294 6.13064
0.736315 5.94235
0.73362 5.89981
0.742268 5.84852
0.741005 5.97435
0.737816 6.05079
0.738129 6.16312
0.739858 6.14286
0.750359 6.03253
0.740163 5.90573
0.733333 5.90082
0.735555 5.98044
0.743132 6.04876
0.741729 6.02797
0.739872 5.98242
0.737345 6.11656
0.745422 5.95918
0.739971 5.96253
0.741637 6.04802
0.744544 5.9696
0.747048 5.97878
0.748567 5.9341
0.745105 5.98767
0.736636 5.9969
0.745161 5.97627
0.754016 6.07216
0.757174 6.04551
0.758447 6.02007
0.755212 5.99499
0.753587 6.11593
0.758646 6.01294
0.75009 5.89985
0.745168 6.08139
0.753336 6.00366
0.756874 6.01055
0.755403 5.97336
0.75443 6.07203
0.74973 6.00379
0.747201 5.94769
0.74991 6.04249
0.75162 6.05495
0.75414 6.11774
0.754867 6.00761
0.752422 6.14662
0.753785 6.02096
0.756522 6.02772
0.750992 5.99973
0.74883 6.07612
0.751262 6.09889
0.760043 6.16076
0.760029 6.25962
0.755993 6.01881
0.758645 6.07565
0.758842 6.21429
0.757076 6.15699
0.750533 5.97655
0.751422 5.97051
0.747257 6.0688
0.750621 6.10868
0.758461 6.23434
0.761786 6.15434
0.757306 6.09007
0.764097 6.10845
0.767025 5.9962
0.761461 5.93019
0.756272 6.1351
0.733919 6.3182
0.747953 6.11369
0.750806 6.1482
0.751611 5.98996
0.755059 6.07376
0.755066 6.16872
0.751768 6.18246
0.756124 6.14998
0.753819 6.06462
0.754156 6.20151
0.753343 6.18806
0.75779 6.08327
0.755138 5.98257
0.75152 5.91411
0.738262 6.06911
0.73651 6.11394
0.742585 6.11543
0.747967 6.16827
0.741463 6.23157
0.741259 6.16615
0.750704 6.23031
0.755563 6.21143
0.75141 6.28704
0.752122 6.25703
0.758463 6.2148
0.759324 6.19345
0.766893 6.03027
0.75889 6.03421
0.752297 6.04231
0.754398 6.21141
0.751406 6.17054
0.759915 6.13352
0.762784 6.23286
0.761972 6.16613
0.755908 6.19804
0.750529 6.32029
0.741482 6.35765
0.744538 6.33163
0.749557 6.22796
0.75508 6.23119
0.75581 6.17378
0.755153 6.12537
0.754603 6.22981
0.750266 6.12091
0.740402 6.20502
0.749823 6.15526
0.74481 6.39997
0.742981 6.40612
0.744797 6.34002
0.756372 6.3252
0.759063 6.50691
0.76439 6.56772
0.764959 6.69548
0.7656 6.75794
0.766856 6.86802
0.757563 6.68672
0.765315 6.51798
0.772575 6.63218
0.768876 6.63774
0.749374 6.61834
0.755145 6.60589
0.757525 6.58376
0.755426 6.66407
0.755426 6.63046
0.746144 6.77554
0.741531 6.87076
0.736951 6.96428
0.735911 6.88715
0.739503 6.7263
0.730216 6.46938
0.733464 6.4111
0.724455 6.29514
0.70739 6.42407
0.699892 6.4807
0.696745 6.31934
0.69864 6.32737
0.70392 6.34599
0.715797 6.33775
0.727055 6.28648
0.728014 6.18374
0.725921 6.21675
0.734825 6.2384
0.732228 6.25394
0.726935 6.23985
0.732503 6.198
0.734956 6.04752
0.731913 6.11955
0.733716 6.19007
0.727487 6.29803
0.737108 6.18348
0.745344 6.01969
0.744731 6.01575
0.753584 6.21375
0.74098 6.10602
0.736022 6.09283
0.729885 6.12984
0.73711 6.1821
0.739116 6.0786
0.742896 6.16122
0.750085 6.16463
0.758148 6.09712
0.754392 6.11968
0.753538 6.1418
0.741858 6.14784
0.749741 6.05091
0.751377 6.02953
0.74888 5.9821
0.746043 5.98312
0.759349 6.01951
0.752496 6.05174
0.739234 6.04013
0.743748 6.01836
0.747686 6.12586
0.749656 6.16018
0.749047 6.04252
0.749305 5.98403
0.752262 5.96641
0.752265 5.96491
0.743243 6.16381
0.740522 6.11457
0.747398 6.04503
0.747314 5.99346
0.745833 6.10032
0.743839 6.08724
0.744194 6.15816
0.740007 6.14469
0.754029 6.07798
0.75211 6.06411
0.755345 5.99348
0.753755 6.14841
0.749216 6.20249
0.754374 6.05864
0.753501 6.0271
0.748687 6.04188
0.743286 6.15093
0.740147 6.09724
0.738328 6.15877
0.74684 6.14029
0.748148 6.10527
0.745499 6.04565
0.745577 6.04347
0.740196 5.99478
0.746602 6.09237
0.751134 6.08589
0.758718 6.04624
0.752908 6.11064
0.741546 6.2666
0.740522 6.23763
0.749562 5.97058
0.761068 6.14887
0.756132 6.25639
0.737739 6.0622
0.745064 6.16162
0.745153 6.08015
0.751773 6.2743
0.753104 6.23658
0.743481 6.3412
0.75124 6.22213
0.757026 6.23033
0.762487 6.20549
0.755319 6.14758
0.752916 6.23285
0.757123 6.22702
0.749642 6.25284
0.747923 6.22601
0.750367 6.25599
0.747765 6.31606
0.748956 6.43533
0.753573 6.47506
0.769107 6.48498
0.771134 6.59763
0.764657 6.74564
0.762913 6.75261
0.756339 6.80848
0.74957 6.73569
0.740678 6.7034
0.74957 6.7658
0.763932 6.86869
0.769947 6.75061
0.760338 6.77411
0.761607 6.84443
0.764308 6.79731
0.771507 6.64915
0.773229 6.55728
0.773063 6.63882
0.784946 6.68932
0.781454 6.8779
0.780465 6.83862
0.779898 6.7186
0.773248 6.79457
0.771622 6.77294
0.761715 6.80505
0.754585 6.6205
0.743266 6.48825
0.742094 6.55599
0.721504 6.79138
0.704435 6.71433
0.725365 6.71582
0.701881 6.6357
0.71636 6.63055
0.724974 6.35413
0.743275 6.3784
0.742289 6.37766
0.72973 6.41767
0.723727 6.6203
0.73329 6.59384
0.738581 6.59738
0.733526 6.63493
0.734863 6.40836
0.729816 6.25323
0.71572 6.30116
0.728792 6.2724
0.72015 6.28265
0.730159 6.16594
0.736657 6.31905
0.728352 6.53012
0.713411 6.60128
0.712875 6.6298
0.726134 6.62615
0.726253 6.52669
0.73864 6.3939
0.752826 6.40701
0.759346 6.48224
0.74801 6.5323
0.741846 6.5239
0.741219 6.44772
0.743822 6.50382
0.744574 6.60468
0.74495 6.476
0.741087 6.50851
0.737782 6.57816
0.729856 6.69586
0.732877 6.74985
0.749454 6.63112
0.758179 6.61222
0.75088 6.63019
0.753339 6.66284
0.765128 6.75412
0.777376 6.91267
0.775306 6.83879
0.7659 6.82966
0.769787 6.76127
0.774909 6.74817
0.774686 6.99164
0.776193 7.16321
0.772667 7.00967
0.764139 6.9703
0.768389 6.81564
0.757959 6.80225
0.767603 6.64064
0.757282 6.628
0.737638 6.49839
0.731861 6.60023
0.73569 6.60773
0.721599 6.61693
0.722545 6.46798
0.71378 6.48657
0.7119 6.3646
0.699625 6.31687
0.711179 6.39806
0.712003 6.45075
0.712733 6.41574
0.718952 6.34578
0.718729 6.27786
0.721446 6.49706
0.720628 6.29482
0.72264 6.15761
0.726244 6.36455
0.714042 6.22779
0.708817 6.21378
0.718072 6.32008
0.717316 6.39263
0.718892 6.38202
0.718561 6.27338
0.722282 6.36024
0.729282 6.22298
0.745304 6.39112
0.750955 6.50883
0.758002 6.35241
0.768657 6.31726
0.763458 6.20039
0.743349 6.18502
0.741033 6.30073
0.749503 6.20255
0.752294 6.05896
0.751304 6.17388
0.7491 6.19594
0.738284 6.1719
0.742732 6.15024
0.749699 6.25998
0.753809 6.13708
0.755298 6.11217
0.752602 6.14702
0.760307 6.10539
0.75594 6.25196
0.753939 6.19315
0.76 6.07206
0.759611 6.06374
0.757039 6.02926
0.750502 6.31343
0.734954 6.34676
0.733861 6.30996
0.721637 6.28905
0.731413 6.20303
0.732432 6.32196
0.737793 6.22633
0.744329 6.22031
0.750096 6.14752
0.755291 6.02731
0.74751 6.11853
0.749521 6.30409
0.745218 6.37706
0.754048 6.32774
0.758554 6.1554
0.756079 6.19409
0.751748 6.08878
0.736985 6.1634
0.734448 6.39265
0.734068 6.17474
0.74221 6.1848
0.752706 6.35175
0.755584 6.36628
0.758766 6.3794
0.743579 6.26751
0.744996 6.23633
0.750879 6.23221
0.752559 6.34319
0.753351 6.36861
0.751558 6.24268
0.748773 5.97123
0.760036 5.85333
0.753591 5.97021
0.752004 6.13006
0.763146 6.01316
0.768364 5.93283
0.76521 5.91944
0.757412 5.98307
0.755516 5.93616
0.763776 5.93123
0.763883 5.94659
0.760216 5.93357
0.761456 5.93257
0.763158 6.02002
0.762704 5.9649
0.770068 6.23362
0.777018 6.02705
0.765047 6.09927
0.765892 6.20072
0.769064 6.25756
0.746206 6.10071
0.752381 6.04511
0.760941 5.88422
0.767249 5.89309
0.779442 5.84998
0.791912 6.06196
0.796075 6.11334
0.799226 6.00616
0.784891 5.98311
0.785929 5.93948
0.785223 5.8756
0.777922 5.94508
0.79494 5.96689
0.793072 5.98631
0.781547 6.04233
0.786809 6.03497
0.787244 6.01668
0.787822 6.02355
0.783922 6.24525
0.771028 6.23213
0.78022 6.15313
0.769601 5.98984
0.778478 5.94692
0.777564 6.04621
0.773884 5.9742
0.775108 6.07652
0.764874 6.12006
0.76713 6.11207
0.765527 6.2897
0.773667 6.14462
0.773821 6.02315
0.777563 6.02391
0.774614 5.95374
0.771718 6.0906
0.766102 6.06981
0.763654 6.04911
0.766364 5.84025
0.746459 6.11738
0.746387 6.31146
0.755102 6.28108
0.766234 6.17453
0.761119 5.99723
0.767241 5.99081
0.759607 5.93217
0.763839 5.94506
0.770712 5.96298
0.77389 5.86587
0.802083 6.00233
0.807518 5.94331
0.805808 5.83017
0.810959 5.81456
0.805034 6.11925
0.794439 6.08366
0.793563 5.9634
0.803279 5.96025
0.795487 6.04303
0.786086 5.94549
0.774102 6.02989
0.775422 6.09093
0.778325 6.23565
0.774481 6.23052
0.776723 6.3048
0.759268 6.48362
0.754848 6.43714
0.749002 6.52332
0.725959 6.53161
0.734446 6.55807
0.751799 6.28508
0.745128 6.30107
0.738509 6.39875
0.73151 6.47895
0.733434 6.47057
0.740286 6.44507
0.746653 6.49181
0.745511 6.38012
0.723007 6.34669
0.724521 6.29518
0.724608 6.56343
0.718038 6.6053
0.740304 6.71262
0.76051 6.9069
0.767142 6.87398
0.751464 6.66119
0.776475 6.53456
0.766484 6.56714
0.751053 6.616
0.748774 6.53271
0.752342 6.40548
0.748622 6.35752
0.751365 6.30714
0.76602 6.2745
0.759797 6.49005
0.752945 6.35939
0.748311 6.33048
0.746737 6.37617
0.746597 6.37248
0.749826 6.18638
0.751835 6.21384
0.744556 6.08544
0.72752 6.25561
0.718571 6.24682
0.716348 6.29436
0.707544 6.30438
0.713907 6.35511
0.724758 6.22846
0.730872 6.3483
0.738508 6.3399
0.725769 6.29838
0.732362 6.20166
0.734545 6.26223
0.730069 6.40048
0.719921 6.48757
0.723334 6.53727
0.722753 6.34658
0.727454 6.41468
0.718802 6.55473
0.725981 6.67286
0.747332 6.77126
0.756814 6.82079
0.736995 6.73958
0.741603 6.567
0.71305 6.44521
0.696224 6.6449
0.669456 6.71994
0.629805 6.62156
0.608456 6.63019
0.602592 6.68699
0.553871 6.82321
0.596867 6.46801
0.679318 6.20554
0.698722 6.45519
0.715324 6.30737
0.720621 6.19793
0.754167 6.33389
0.75837 6.41734
0.723921 6.6936
0.707875 6.32762
0.687298 6.33852
0.701911 6.30164
0.704147 6.5288
0.72158 6.61716
0.730315 6.8476
0.737432 6.75419
0.72741 6.80395
0.738692 6.79426
0.768757 6.56349
0.769258 6.46963
0.758246 6.57827
0.745687 6.70039
0.734534 6.49354
0.729456 6.25309
0.73428 6.20857
0.734164 6.3484
0.725109 6.4676
0.727365 6.23121
0.725385 6.28704
0.730821 6.31537
0.732239 6.29384
0.729356 6.3225
0.72807 6.31027
0.723077 6.28864
0.711412 6.33464
0.718688 6.25241
0.726847 6.22659
0.724265 6.25771
0.723036 6.19789
0.725849 6.17666
0.730513 6.29781
0.722204 6.23909
0.718236 6.24183
0.718227 6.27113
0.723788 6.6338
0.716452 6.63926
0.737766 6.62239
0.740411 6.47501
0.740613 6.43497
0.733522 6.45879
0.718106 6.55063
0.73823 6.41414
0.72499 6.17197
0.740849 6.14554
0.705857 6.33825
0.69762 6.30294
0.698734 6.3553
0.676829 6.21068
0.735897 6.49352
0.647523 6.51141
0.606918 6.45404
0.538876 6.95159
0.545455 7.19449
0.574443 7.37767
0.625523 7.27378
0.668874 7.20889
0.672608 7.1115
0.664375 7.18344
0.67413 7.31447
0.711663 7.01673
0.729368 7.00418
0.769686 6.99581
0.773701 6.93343
0.79529 6.55346
0.791592 6.48387
0.781524 6.40797
0.766621 6.41707
0.774327 6.30428
0.778697 6.20145
0.783431 6.26267
0.779062 6.08649
0.780813 6.20075
0.7737 6.19539
0.783904 6.17584
0.780732 6.14141
0.782175 6.04686
0.777318 6.15095
0.776389 6.01886
0.770812 6.15674
0.772933 6.24644
0.767263 6.25514
0.759494 6.20323
0.754184 6.3956
0.747306 6.35652
0.760839 6.17304
0.767825 6.22912
0.767217 6.30865
0.773667 6.20575
0.760814 6.04734
0.768868 6.09557
0.77798 6.25594
0.758783 6.34801
0.753251 6.40429
0.759197 6.19595
0.766412 6.05881
0.758714 6.19855
0.765694 6.29131
0.770049 6.26902
0.765815 6.21137
0.768908 6.22423
0.766638 6.24712
0.785901 6.3127
0.799113 6.4462
0.801701 6.33588
0.791497 6.21503
0.791931 6.29341
0.783636 6.2739
0.783747 6.4239
0.792616 6.32108
0.798995 6.3396
0.801294 6.1227
0.802304 6.13805
0.799265 6.18475
0.791229 6.1207
0.794577 6.27074
0.78945 6.35477
0.784782 6.37352
0.781083 6.51434
0.778164 6.40937
0.775054 6.3555
0.775519 6.42204
0.778709 6.46725
0.766911 6.633
0.765897 6.62145
0.748724 6.72196
0.748665 6.82259
0.735109 6.62964
0.742763 6.83015
0.74964 6.78301
0.74402 6.7969
0.757921 6.5263
0.779865 6.59206
0.776293 6.67955
0.769714 6.37461
0.774069 6.16467
0.782532 6.27084
0.77913 6.39636
0.779944 6.41071
0.782957 6.3542
0.774493 6.78668
0.727821 7.14927
0.697766 7.02457
0.660013 7.31874
0.630662 7.54654
0.609994 7.79695
0.610361 8.00702
0.619347 7.92687
0.647883 7.89349
0.697835 7.81157
0.680872 7.86301
0.6491 7.81994
0.646396 7.94763
0.591094 8.18288
0.664754 8.14192
0.673868 7.91373
0.698757 7.73073
0.684528 7.72956
0.689731 7.75322
0.696283 7.69996
0.703633 7.75065
0.708949 7.61072
0.727201 7.67895
0.736156 7.64561
0.741034 7.3522
0.742638 7.19541
0.748482 7.29424
0.748135 7.07588
0.76511 6.96627
0.764045 6.79321
0.749884 6.84698
0.741315 6.73884
0.742748 6.73629
0.73566 6.75191
0.744466 6.77829
0.735849 6.72608
0.741252 6.78207
0.764524 6.72457
0.763853 6.9901
0.772823 7.0928
0.77577 6.98577
0.768665 6.662
0.758427 6.77296
0.735106 6.71708
0.7195 6.60279
0.714888 6.63996
0.716123 6.73125
0.720648 7.00845
0.70962 6.94885
0.702418 6.94062
0.702927 6.83276
0.718194 6.70303
0.748472 6.38744
0.787317 6.13742
0.80829 6.28003
0.79898 6.30333
0.798742 6.31821
0.78698 6.50311
0.800083 6.45888
0.808127 6.4379
0.79656 6.35682
0.784454 6.32782
0.767986 6.26552
0.768758 6.3613
0.75144 6.55753
0.770283 6.70207
0.787512 6.65816
0.803116 6.74908
0.783554 6.92978
0.775992 6.88519
0.763507 6.75695
0.771279 6.95954
0.75687 7.23959
0.754312 7.24354
0.765757 7.25132
0.774496 7.11509
0.772433 7.01799
0.777111 7.1519
0.756893 6.90856
0.74774 6.77439
0.747461 6.49137
0.754333 6.41677
0.746906 6.57347
0.758887 6.50129
0.751156 6.36396
0.726899 6.47743
0.725253 6.32595
0.745709 6.2223
0.748627 6.30469
0.759082 6.30756
0.762879 6.1672
0.745556 6.2569
0.748632 6.18943
0.766097 6.4578
0.766582 6.61531
0.772561 6.46209
0.786748 6.43259
0.78254 6.68734
0.772801 6.75529
0.773226 6.83482
0.761905 6.91594
0.75594 6.84961
0.763821 6.85557
0.752904 7.07815
0.751805 7.03569
0.775332 7.053
0.775219 7.25773
0.773865 7.25853
0.768872 7.10138
0.769231 7.09146
0.756996 7.05313
0.771698 7.11256
0.7745 6.93065
0.781757 6.94291
0.78327 6.94591
0.780009 7.06077
0.777209 7.23344
0.738796 7.07121
0.725154 6.77281
0.734328 6.67055
0.748438 6.97175
0.732673 7.0508
0.708756 6.84583
0.732822 6.74583
0.743599 6.64995
0.717985 6.29485
0.71484 6.55227
0.748294 6.99434
0.748254 7.01043
0.763798 6.95533
0.741537 7.05682
0.732539 7.34184
0.74927 7.31657
0.729397 7.36044
0.744227 7.61848
0.761883 7.57721
0.778704 7.51598
0.764259 7.45479
0.76561 7.62349
0.749742 7.46632
0.755135 6.9164
0.78491 6.65245
0.786629 6.67014
0.757996 6.86721
0.739879 7.16421
0.689783 7.43093
0.68647 7.21107
0.703658 6.8223
0.748581 6.69203
0.749118 6.73977
0.766769 6.59378
0.78179 6.55438
0.76241 6.7249
0.738868 7.14428
0.745205 6.9987
0.740605 7.17556
0.737511 7.2538
0.750539 7.0734
0.736269 7.31355
0.732444 7.4573
0.756053 7.65363
0.760242 7.60489
0.774628 7.54148
0.772705 7.53294
0.754564 7.70127
0.745473 7.18466
0.72956 6.93326
0.730691 7.30563
0.684706 7.56081
0.680178 7.53753
0.694631 7.00885
0.727725 6.6062
0.74274 6.63835
0.745722 6.73799
0.749709 6.76859
0.759725 6.47289
0.736822 6.71252
0.74347 6.8854
0.726089 7.16157
0.717336 7.12739
0.712028 7.43444
0.726302 7.28915
0.75 7.55383
0.780299 7.74571
0.764735 7.6328
0.761426 7.75527
0.765968 7.42608
0.772704 7.00533
0.775735 6.89815
0.766146 7.04736
0.755407 6.99737
0.757852 7.488
0.758724 7.7618
0.723158 7.72291
0.714872 8.0119
0.716346 7.77348
0.707986 7.3588
0.707016 7.02659
0.720483 7.18399
0.75687 6.87484
0.741432 6.80993
0.753746 6.74691
0.745023 6.71208
0.756966 6.82528
0.7607 6.72844
0.753505 6.75723
0.757031 6.72334
0.760347 6.7628
0.756821 6.61808
0.747154 6.45275
0.737249 6.50624
0.735614 6.56122
0.735614 6.44483
0.72029 6.57165
0.713366 7.1166
0.697579 7.57233
0.675577 7.86175
0.666547 7.98672
0.693804 8.06384
0.731245 7.87686
0.711388 7.91259
0.729212 7.99645
0.741697 7.97739
0.765811 7.92121
0.750881 8.03212
0.72627 8.34571
0.712554 8.35429
0.72524 8.42035
0.735948 8.55507
0.717383 8.4428
0.710306 8.36659
0.715203 8.32754
0.714228 8.01633
0.72731 7.76773
0.71831 7.72891
0.698484 7.73733
0.676973 7.76133
0.681485 7.82762
0.677184 7.78059
0.665184 7.72005
0.651442 7.71689
0.648347 7.6546
0.630757 7.69823
0.625922 7.42843
0.630613 7.42815
0.625583 7.41139
0.630553 7.3571
0.629327 7.27097
0.630847 7.40163
0.630966 7.39909
0.638389 7.37547
0.651831 7.43083
0.692803 7.47589
0.69858 7.5909
0.725352 7.72885
0.729219 7.49711
0.735162 6.96731
0.705906 6.7838
0.750101 6.42733
0.786275 6.42053
0.79137 6.2721
0.802932 6.08124
0.802528 5.96037
0.806838 5.99958
0.799207 6.1809
0.812886 6.19062
0.813626 6.08958
0.814015 6.13874
0.822446 6.04893
0.815948 6.00781
0.814673 5.9494
0.783484 6.29489
0.742203 6.29429
0.723991 6.1736
0.724246 6.48535
0.729784 6.50613
0.746256 6.48113
0.728192 6.58284
0.758865 6.8721
0.779863 7.18717
0.784822 6.95691
0.775473 7.33915
0.746801 7.35245
0.750231 7.40675
0.763765 7.334
0.773423 7.27038
0.777617 7.42184
0.765617 7.45813
0.767237 7.70269
0.767884 7.7796
0.764253 7.7726
0.780032 7.25933
0.796667 7.04705
0.798969 6.82931
0.781374 6.92971
0.770775 7.00582
0.752577 7.00917
0.754516 7.28093
0.764111 7.18635
0.730167 7.52045
0.740831 6.77647
0.744143 6.50253
0.73135 6.63289
0.730172 6.49242
0.744323 6.35117
0.759036 6.32541
0.766044 6.52776
0.772147 6.47021
0.772304 6.34178
0.751394 6.31688
0.755382 6.49925
0.757361 6.30794
0.76178 6.39069
0.772176 6.60413
0.767334 6.798
0.771108 6.69477
0.768043 6.51985
0.762516 6.61522
0.778269 6.85041
0.765101 7.10651
0.744479 7.49295
0.738538 7.76253
0.757363 7.55128
0.764286 7.49991
0.765049 7.39482
0.761504 7.49793
0.781282 7.35115
0.782316 7.16729
0.783082 7.12225
0.782245 7.08562
0.785453 7.32982
0.780398 7.42376
0.775039 7.38628
0.764027 7.26832
0.744802 7.20161
0.744186 7.24099
0.738535 7.11087
0.720269 7.27176
0.721353 7.35944
0.725025 7.48805
0.70225 7.4236
0.651746 7.2564
0.674528 7.19728
0.68934 6.9449
0.737711 6.67163
0.763936 6.58095
0.786691 6.37092
0.789551 6.23316
0.790766 6.56069
0.769259 6.84717
0.739805 6.92029
0.718166 7.00427
0.702543 7.0357
0.712579 6.97595
0.723953 6.93172
0.740577 6.9763
0.723901 7.04312
0.719361 7.01284
0.719262 7.13127
0.736165 7.62442
0.739518 8.16765
0.725205 8.21919
0.72666 8.29911
0.696814 8.47428
0.687738 8.63447
0.704584 8.54168
0.730122 7.82149
0.751642 7.57963
0.723615 7.68528
0.720971 7.63087
0.703448 7.82031
0.705682 7.82761
0.676133 8.04977
0.682243 7.99701
0.615075 9.38333
0.570367 9.74924
0.599097 9.78646
0.599216 9.5622
0.644841 9.3578
0.57938 9.70603
0.551489 9.87316
0.538734 9.62687
0.554492 9.40849
0.579944 9.4577
0.577922 9.04923
0.598322 8.67715
0.613825 8.62411
0.628822 8.54129
0.650243 8.66693
0.663427 8.54827
0.682422 7.9677
0.681062 7.58827
0.691086 7.47764
0.691358 7.54537
0.694003 7.40343
0.678366 7.6194
0.674382 7.86722
0.679414 7.61559
0.681559 7.53206
0.660227 7.56661
0.655743 7.55074
0.657895 7.3786
0.659503 7.25764
0.658581 7.25281
0.638188 7.30715
0.666771 7.20978
0.667489 7.35433
0.669224 7.22036
0.676552 7.0417
0.67897 7.0434
0.655828 7.14471
0.66977 7.09565
0.659091 7.30403
0.651601 7.25388
0.664044 7.3623
0.673815 7.44385
0.669454 7.4122
0.662299 7.41931
0.68678 7.32311
0.68587 7.42081
0.690753 7.3967
0.677909 7.4781
0.679385 7.47171
0.661903 7.50111
0.660111 7.44178
0.66307 7.49667
0.65931 7.4609
0.652349 7.49632
0.652609 7.30598
0.675439 7.27653
0.683532 7.39879
0.705292 7.09589
0.699964 7.09653
0.718358 6.84391
0.71939 6.787
0.74845 6.68983
0.710974 6.25526
0.660593 6.06978
0.637646 6.1103
0.612216 7.31886
0.528958 7.45964
0.59845 7.47223
0.657436 7.15243
0.670128 7.24626
0.687614 7.33766
0.733546 7.19367
0.760302 7.52433
0.740073 7.22876
0.721474 7.14538
0.720686 6.96682
0.737747 6.85663
0.743235 6.74577
0.7608 6.71507
0.754098 6.69567
0.718579 6.66292
0.742708 6.61397
0.734762 6.75447
0.73565 6.51201
0.728469 6.6166
0.736065 6.37861
0.734272 6.27788
0.74584 6.27715
0.743705 6.35975
0.738613 6.37197
0.739988 6.37195
0.744938 6.28441
0.745553 6.3025
0.749774 6.35109
0.754878 6.27837
0.73716 6.3811
0.733313 6.52355
0.715616 6.68307
0.71532 6.82501
0.703515 7.02355
0.696126 7.02816
0.699083 6.97957
0.721723 6.93678
0.727244 6.8117
0.72275 6.84815
0.747676 6.76118
0.75107 6.81183
0.753773 6.91349
0.760771 7.04705
0.777648 6.99088
0.769838 6.84518
0.768582 6.66471
0.754486 6.59346
0.753241 6.55176
0.766652 6.36967
0.760206 6.32844
0.759516 6.43374
0.766869 6.617
0.77193 6.53217
0.760417 6.44892
0.763708 6.32279
0.7625 6.3326
0.757602 6.27272
0.748308 6.2805
0.752227 6.14951
0.735717 6.21626
0.738827 6.10148
0.743044 6.05873
0.73048 6.15916
0.735723 6.09916
0.742913 5.9966
0.737786 6.03322
0.725344 6.1166
0.733503 6.13355
0.729358 6.19604
0.733726 6.37778
0.740149 6.42383
0.73082 6.51183
0.711985 6.41001
0.696998 6.34007
0.694926 6.64528
0.702678 6.60224
0.695505 6.77625
0.69063 6.8087
0.681335 6.92519
0.694656 6.79396
0.709018 6.77428
0.713443 6.86004
0.704974 6.76325
0.697296 6.57355
0.71661 6.41351
0.713356 6.30398
0.724579 6.28723
0.725614 6.31161
0.721197 6.48249
0.733091 6.63611
0.729259 6.72343
0.740491 6.72964
0.757164 6.72289
0.746544 6.87315
0.758007 6.83005
0.744186 6.79522
0.747882 6.78838
0.747442 6.63584
0.746672 6.75151
0.733004 6.75974
0.74222 6.64497
0.75214 6.70609
0.765118 6.52592
0.759929 6.65288
0.758713 6.63802
0.75 6.64658
0.755605 6.66177
0.759746 6.60043
0.763014 6.65198
0.759909 6.59073
0.761861 6.62321
0.762821 6.64585
0.760164 6.67274
0.765762 6.69795
0.75759 6.78567
0.750343 6.82265
0.753932 6.82996
0.732273 6.71675
0.726527 6.66942
0.719874 6.71896
0.715322 6.64947
0.706014 6.80006
0.70188 6.91501
0.703146 6.92346
0.700665 7.00296
0.699827 7.05873
0.687633 7.35273
0.685323 7.15563
0.687603 7.14763
0.717044 7.08426
0.732328 7.089
0.732538 6.9903
0.731864 6.69916
0.709108 6.84232
0.709048 6.97015
0.706361 6.97936
0.705516 7.03067
0.733757 6.84774
0.739045 6.33195
0.751988 6.22528
0.736686 6.40977
0.712578 6.37588
0.727184 6.24876
0.718569 6.05833
0.726127 5.9631
0.715876 6.29937
0.740253 6.35958
0.743427 6.2167
0.760591 6.27003
0.756002 6.2202
0.773018 6.22794
0.777833 6.19666
0.778652 6.1619
0.775769 6.07057
0.776482 6.14112
0.782396 5.93025
0.779678 5.91501
0.787339 6.13123
0.787202 6.05911
0.786959 6.04075
0.789032 6.08209
0.790755 5.96638
0.780788 6.10173
0.789059 6.12109
0.783399 6.08146
0.779304 5.97526
0.785047 6.0639
0.77702 6.16286
0.777939 6.1143
0.761859 6.24133
0.750835 6.28319
0.755736 6.35073
0.745489 6.45672
0.732767 6.55944
0.730136 6.71092
0.724461 6.90923
0.729423 6.94335
0.702326 6.90869
0.687299 6.94183
0.690876 7.07094
0.707916 7.06157
0.721771 7.22216
0.746566 7.19957
0.724872 7.20074
0.763739 7.07065
0.732463 6.81937
0.744825 6.86539
0.757301 6.60813
0.758716 6.61226
0.741071 6.33945
0.731212 6.18086
0.729269 6.06082
0.739147 5.91728
0.751053 6.08601
0.751935 6.05771
0.754231 6.08396
0.767981 6.20099
0.77499 6.02199
0.776965 6.08243
0.759077 6.0191
0.747109 5.93169
0.743288 6.21106
0.739462 6.29118
0.740015 6.23439
0.732874 6.22505
0.733309 6.40594
0.743748 6.31824
0.741261 6.44351
0.755191 6.39541
0.752364 6.38966
0.752809 6.42398
0.752454 6.43154
0.751 6.32329
0.74882 6.2712
0.746296 6.29644
0.756962 6.32359
0.757983 6.25468
0.756098 6.28589
0.756232 6.37238
0.732942 6.65845
0.701371 7.02507
0.666921 7.38211
0.676886 7.8919
0.673977 8.0254
0.693563 8.08624
0.719229 8.08053
0.713474 8.11016
0.699523 7.85558
0.688382 8.12783
0.704992 7.84013
0.721209 7.6809
0.748528 7.6449
0.756054 7.55962
0.76432 7.61454
0.757539 7.62761
0.733813 7.60923
0.747259 7.59096
0.752282 7.58519
0.747698 7.59693
0.751076 7.37798
0.76144 7.1697
0.748031 7.21256
0.755906 7.3694
0.752126 7.33635
0.752116 7.26295
0.745975 7.23745
0.751938 7.25027
0.741156 7.22971
0.746858 7.15939
0.743713 7.15258
0.726841 7.13797
0.743851 7.08408
0.741184 7.0711
0.749552 7.15094
0.75447 7.19251
0.753123 7.17188
0.768228 6.98948
0.749566 7.40297
0.75798 7.35996
0.765801 7.53308
0.76591 7.75663
0.73913 8.17075
0.716339 8.09387
0.691778 8.19282
0.680485 7.81472
0.648827 7.24621
0.624956 7.39249
0.635672 7.25162
0.699274 6.80997
0.729497 6.50024
0.75641 6.38552
0.758681 6.52263
0.759086 6.46432
0.764316 6.33007
0.765957 6.35386
0.759099 6.21108
0.751724 6.14801
0.737907 6.12538
0.726069 6.33531
0.719003 6.23985
0.727395 6.08879
0.752052 5.9771
0.759807 5.96896
0.769893 6.00464
0.770712 6.07346
0.774706 5.97328
0.764787 5.98447
0.761512 6.18635
0.768887 6.15164
0.77525 5.99856
0.771419 6.21385
0.772883 6.48889
0.765214 6.4656
0.769559 6.451
0.739301 6.60472
0.743627 6.28316
0.744594 6.12572
0.754992 6.10236
0.778224 6.33609
0.775011 6.2604
0.788453 6.29097
0.769025 6.55401
0.776557 6.46574
0.793576 6.58998
0.792589 6.61449
0.787864 6.61103
0.77957 6.50333
0.77489 6.53116
0.783283 6.48338
0.782938 6.45665
0.786579 6.36891
0.783892 6.4522
0.793635 6.59993
0.781467 6.50945
0.780802 6.56945
0.789238 6.63264
0.792124 6.5031
0.792811 6.52643
0.799398 6.63527
0.7999 6.73596
0.798096 6.68259
0.800903 6.70279
0.79029 6.69157
0.783114 6.67851
0.791352 6.68488
0.787032 6.58519
0.780877 6.75002
0.777501 6.79268
0.773201 6.90443
0.770451 6.84492
0.765057 6.58894
0.766137 6.61026
0.773792 6.59703
0.779116 6.58157
0.769995 6.68192
0.769306 6.81763
0.757812 6.97907
0.736559 6.92746
0.741764 6.77151
0.725613 6.5759
0.710674 6.62465
0.723513 6.57247
0.7625 6.32632
0.75446 6.28558
0.752752 6.4534
0.747655 6.51014
0.741192 6.35408
0.728229 6.43006
0.709326 6.63373
0.699044 6.53336
0.716176 6.42881
0.725801 6.29533
0.72792 6.462
0.733122 6.35366
0.726298 6.409
0.732988 6.44492
0.740188 6.43282
0.734581 6.39825
0.729432 6.26127
0.735953 6.49682
0.737262 6.48437
0.739388 6.53841
0.736842 6.70075
0.730017 6.80023
0.731205 6.6311
0.735063 6.53692
0.730954 6.52362
0.722165 6.53365
0.719713 6.47141
0.716327 6.589
0.714773 6.50433
0.72262 6.47644
0.723527 6.60528
0.736354 6.41312
0.737384 6.42898
0.734017 6.47913
0.740282 6.39422
0.770119 6.39665
0.791741 6.22599
0.777578 6.15179
0.763378 6.30297
0.770841 6.22983
0.768494 6.16802
0.771567 6.35632
0.760034 6.56239
0.759203 6.71016
0.775211 6.722
0.766893 6.61022
0.760518 6.38951
0.761166 6.40659
0.751559 6.62284
0.722275 6.72495
0.716827 6.55775
0.712085 6.58281
0.725728 6.6199
0.736016 6.56024
0.746886 6.71508
0.747358 6.82624
0.748744 6.83073
0.749876 6.74525
0.747121 6.68977
0.736236 6.7033
0.740667 6.79042
0.743872 6.84621
0.71992 6.86387
0.716559 6.8603
0.742871 6.78714
0.747857 6.77964
0.744789 6.71976
0.74681 6.695
0.748969 6.67075
0.751404 6.783
0.755861 6.73262
0.747959 6.74204
0.735992 6.78518
0.732703 6.86729
0.73121 6.92367
0.727941 7.17966
0.70574 7.39947
0.681153 7.49184
0.666508 7.43011
0.667301 7.51042
0.65764 7.67693
0.655359 7.92497
0.663301 7.98521
0.66701 7.74878
0.708947 7.65394
0.71788 7.25613
0.722104 7.28678
0.744211 7.18254
0.752611 6.97125
0.761463 7.1368
0.760109 7.13086
0.751363 7.02635
0.746471 7.14349
0.748513 7.2004
0.751606 7.16064
0.749465 7.00834
0.749867 7.16986
0.752916 7.18989
0.754627 7.14041
0.754349 7.01669
0.75291 6.95492
0.759788 6.91971
0.770256 6.82467
0.765208 6.78013
0.762179 6.86428
0.772152 7.0059
0.767345 6.92329
0.742684 7.2886
0.734993 7.42685
0.726286 7.55776
0.717995 7.34773
0.687447 7.07779
0.672421 6.91138
0.690987 6.61921
0.692623 6.61365
0.700509 6.59813
0.711804 6.87176
0.720407 6.89762
0.721334 6.70355
0.71399 6.51181
0.707576 6.59066
0.702573 6.73184
0.713504 6.66494
0.718204 6.68629
0.71346 6.69958
0.713653 6.63008
0.713993 6.58538
0.724138 6.62168
0.733951 6.69274
0.734456 6.59457
0.713076 6.56715
0.700268 6.43831
0.702313 6.44106
0.70301 6.46922
0.694786 6.5913
0.687355 6.5503
0.712755 6.53697
0.725768 6.50806
0.721328 6.54821
0.719947 6.63483
0.717923 6.61698
0.732101 6.54186
0.728029 6.45223
0.734823 6.63147
0.732024 6.59217
0.74347 6.69583
0.750336 6.68801
0.756163 6.58315
0.776868 6.45811
0.759489 6.71182
0.756492 6.76458
0.753247 6.57823
0.750354 6.45058
0.774981 6.55112
0.777865 6.70702
0.780558 6.89801
0.777731 6.69565
0.760017 6.72936
0.750876 6.75716
0.755644 6.77903
0.7641 6.54483
0.760126 6.48987
0.759243 6.42301
0.752845 6.3558
0.751039 6.33764
0.759189 6.22429
0.753464 6.36798
0.75205 6.33382
0.754386 6.2855
0.755162 6.36169
0.752226 6.36959
0.74604 6.40188
0.753006 6.48973
0.759596 6.39121
0.75253 6.39787
0.75 6.4325
0.743394 6.37365
0.737056 6.36962
0.738095 6.42188
0.737297 6.50762
0.742518 6.35225
0.747144 6.33436
0.745322 6.39136
0.736842 6.37839
0.735908 6.39649
0.741407 6.20558
0.738259 6.22159
0.741918 6.36768
0.736017 6.41309
0.731227 6.38285
0.722787 6.54142
0.722194 6.68481
0.721359 6.83885
0.727576 6.78212
0.741966 6.74322
0.749324 6.72881
0.702932 6.66664
0.693614 6.71842
0.712205 6.62156
0.736297 6.60334
0.745393 6.77929
0.739243 6.64363
0.733818 6.45707
0.723412 6.55178
0.720947 6.66911
0.726435 6.70055
0.70527 6.5653
0.708948 6.74384
0.690007 6.75855
0.697998 6.99025
0.69314 6.94509
0.693243 6.92222
0.702813 7.08776
0.708178 7.2377
0.702357 7.38561
0.704484 7.32265
0.711917 7.43557
0.70651 7.658
0.696981 7.81919
0.68824 7.61525
0.711877 8.01099
0.735422 8.43283
0.733737 8.71028
0.733006 8.71896
0.729539 8.46936
0.734283 7.92132
0.755224 7.64609
0.763158 7.51861
0.755236 7.41897
0.722631 7.30187
0.704496 7.1575
0.698752 7.26497
0.73915 6.82325
0.773289 6.82347
0.77656 6.86406
0.767529 6.79472
0.766307 6.7554
0.7595 6.8631
0.745778 6.69909
0.708755 6.70119
0.638554 6.67721
0.615781 6.67108
0.61903 6.64642
0.6862 6.7179
0.734547 6.49046
0.747479 6.37341
0.762598 6.37466
0.76464 6.49138
0.75549 6.38741
0.758896 6.37173
0.761801 6.59656
0.732509 6.65999
0.720661 6.73204
0.73119 6.87277
0.738358 6.99834
0.735004 7.32388
0.737141 7.41824
0.731386 7.58412
0.738061 7.92032
0.713628 7.94001
0.737089 7.81606
0.727103 7.61385
0.713902 7.77052
0.715305 7.83694
0.711654 8.07602
0.696051 8.56631
0.694678 8.65528
0.711679 8.64371
0.714228 8.43058
0.737615 8.24141
0.756014 8.02553
0.74759 7.4145
0.71657 7.25755
0.765829 7.02782
0.801236 6.82368
0.788525 6.86728
0.780822 6.9878
0.782303 7.03226
0.786305 6.80786
0.761569 6.68346
0.719915 6.83384
0.670061 7.00354
0.609747 7.27574
0.60489 7.004
0.639596 7.08784
0.660915 6.94758
0.675818 7.03977
0.694306 7.39847
0.713121 7.49397
0.714672 7.52679
0.692679 7.81183
0.703953 8.09576
0.703019 8.32401
0.682618 8.70446
0.647399 8.62975
0.616877 8.75506
0.574528 8.55659
0.600395 7.9778
0.58991 7.55201
0.608968 7.16918
0.622541 7.38336
0.588354 7.64209
0.587525 7.95454
0.604784 7.7134
0.675138 7.31038
0.696067 7.49742
0.736758 7.31082
0.733693 7.26996
0.737778 7.22556
0.739234 6.92994
0.702602 6.949
0.701108 6.59411
0.713585 6.71298
0.733404 6.61267
0.730956 7.05944
0.738585 7.08769
0.711511 6.92601
0.694631 6.95382
0.709141 6.96602
0.699839 7.28963
0.69583 7.40512
0.670294 7.48434
0.683498 7.35952
0.693172 7.24639
0.69885 7.36067
0.727421 7.35181
0.733497 7.56714
0.717535 7.66879
0.714046 7.44997
0.717244 7.54045
0.723473 7.4819
0.706616 7.37999
0.681851 7.12849
0.671113 7.03848
0.687764 7.00155
0.690865 6.93351
0.704601 7.01398
0.678619 6.89512
0.669758 7.03415
0.679392 7.21752
0.688223 7.27358
0.665733 7.272
0.638391 7.26831
0.648618 7.3953
0.7 7.62443
0.719706 7.8709
0.725166 7.78134
0.764781 7.41491
0.766228 7.15538
0.760753 7.0754
0.74429 7.07233
0.757123 6.98571
0.750455 7.16521
0.751026 7.14816
0.740431 7.24319
0.760121 7.12505
0.7528 7.44804
0.705767 7.58306
0.690977 7.52419
0.655732 7.57313
0.642449 7.31821
0.614717 7.51289
0.637039 7.56913
0.667878 7.52392
0.667107 7.46591
0.666116 7.42238
0.665245 7.35556
0.658689 7.23942
0.674465 7.19717
0.669291 7.05887
0.670049 7.0809
0.674403 6.96714
0.674746 6.85433
0.664179 6.91536
0.663852 6.90096
0.670244 6.80184
0.673828 6.91222
0.668821 7.0574
0.679869 7.00428
0.678016 7.06177
0.676843 7.02954
0.670546 6.87629
0.677482 6.81112
0.675947 6.79668
0.672586 6.85568
0.669769 7.31035
0.65736 7.81071
0.624419 8.58972
0.527278 9.19563
0.590276 9.04775
0.578167 9.01031
0.560924 9.56993
0.487747 9.83425
0.277778 10.0917
0.139386 10.343
3.40282e+38 3.40282e+38
3.40282e+38 3.40282e+38
3.40282e+38 3.40282e+38
3.40282e+38 3.40282e+38
3.40282e+38 3.40282e+38
3.40282e+38 3.40282e+38
3.40282e+38 3.40282e+38
3.40282e+38 3.40282e+38
3.40282e+38 3.40282e+38
3.40282e+38 3.40282e+38
3.40282e+38 3.40282e+38
3.40282e+38 3.40282e+38
3.40282e+38 3.40282e+38
3.40282e+38 3.40282e+38
3.40282e+38 3.40282e+38
3.40282e+38 3.40282e+38
3.40282e+38 3.40282e+38
3.40282e+38 3.40282e+38
3.40282e+38 3.40282e+38
3.40282e+38 3.40282e+38
3.40282e+38 3.40282e+38
3.40282e+38 3.40282e+38
3.40282e+38 3.40282e+38
3.40282e+38 3.40282e+38
3.40282e+38 3.40282e+38
3.40282e+38 3.40282e+38
3.40282e+38 3.40282e+38
3.40282e+38 3.40282e+38
3.40282e+38 3.40282e+38
3.40282e+38 3.40282e+38
3.40282e+38 3.40282e+38
3.40282e+38 3.40282e+38
3.40282e+38 3.40282e+38
3.40282e+38 3.40282e+38
3.40282e+38 3.40282e+38
3.40282e+38 3.40282e+38
3.40282e+38 3.40282e+38
3.40282e+38 3.40282e+38
3.40282e+38 3.40282e+38
3.40282e+38 3.40282e+38
0 11.1593
3.40282e+38 3.40282e+38
0.462555 9.36909
3.40282e+38 3.40282e+38
3.40282e+38 3.40282e+38
3.40282e+38 3.40282e+38
3.40282e+38 3.40282e+38
0.637745 9.14404
0.701087 8.24853
0.729082 7.57521
0.740624 6.95065
0.762994 6.70551
0.786814 6.63072
0.788994 6.58007
0.796559 6.93324
0.79911 6.63274
0.799926 6.42297
0.78064 6.26216
0.785635 6.35268
0.799852 6.12793
0.788089 5.8983
0.775444 6.05408
0.775163 6.02706
0.773633 5.94486
0.78032 5.94086
0.784041 5.83109
0.787017 5.86196
0.779636 5.81736
0.784672 5.82965
0.784871 5.7076
0.771859 5.85508
0.788318 5.88584
0.794536 5.8414
0.795217 5.76978
0.792509 5.6979
0.79947 5.85455
0.78969 5.90941
0.777574 5.93394
0.786222 6.01067
0.793379 6.18045
0.803503 5.92737
0.795732 5.73522
0.805056 5.7711
0.802206 5.88416
0.804041 5.85018
0.805407 5.83689
0.771891 5.97331
0.785609 5.97486
0.775533 6.0563
0.758059 6.27976
0.732716 6.71351
0.691217 7.01828
0.663293 7.49396
0.657727 7.69464
0.641379 7.91088
0.632465 7.97503
0.626777 8.11926
0.629285 8.1528
0.633935 8.16443
0.652336 8.45166
0.657395 8.10054
0.687522 7.92686
0.716643 7.53567
0.752634 7.37963
0.747958 7.33611
0.769497 7.06241
0.745796 7.62902
0.739583 7.79751
0.763343 7.17335
0.755408 7.04446
0.731748 7.44983
0.763871 7.42253
0.742907 7.68952
0.757494 7.86168
0.738796 7.76588
0.740385 7.72004
0.778355 7.88103
0.768109 7.66917
0.756506 7.56189
0.725763 7.52359
0.704195 7.8713
0.675687 7.75591
0.678852 7.85533
0.704105 7.87546
0.733843 8.06849
0.722658 7.95391
0.718954 7.72806
0.721889 7.45061
0.742737 7.16557
0.750947 7.15448
0.748732 7.46988
0.75135 7.5581
0.75 7.28933
0.734441 7.06568
0.729182 7.20159
0.721214 7.56019
0.734404 7.44985
0.725965 7.59863
0.713249 7.80543
0.71225 7.8529
0.717025 7.79299
0.730846 7.66303
0.741499 7.7437
0.748855 7.6867
0.758401 7.68049
0.75692 7.48531
0.756365 7.39445
0.740438 7.24265
0.716926 7.0858
0.705259 6.94288
0.677482 7.31862
0.649419 7.55365
0.628427 7.63098
0.612666 7.88778
0.60688 8.33436
0.586964 8.80615
0.531724 9.78457
0.532585 9.502
0.530761 9.60551
0.551037 9.56582
0.587975 9.08398
0.495433 9.41609
3.40282e+38 3.40282e+38
3.40282e+38 3.40282e+38
3.40282e+38 3.40282e+38
3.40282e+38 3.40282e+38
3.40282e+38 3.40282e+38
3.40282e+38 3.40282e+38
3.40282e+38 3.40282e+38
3.40282e+38 3.40282e+38
3.40282e+38 3.40282e+38
3.40282e+38 3.40282e+38
3.40282e+38 3.40282e+38
3.40282e+38 3.40282e+38
3.40282e+38 3.40282e+38
3.40282e+38 3.40282e+38
3.40282e+38 3.40282e+38
3.40282e+38 3.40282e+38
3.40282e+38 3.40282e+38
3.40282e+38 3.40282e+38
3.40282e+38 3.40282e+38
3.40282e+38 3.40282e+38
3.40282e+38 3.40282e+38
3.40282e+38 3.40282e+38
3.40282e+38 3.40282e+38
3.40282e+38 3.40282e+38
3.40282e+38 3.40282e+38
3.40282e+38 3.40282e+38
3.40282e+38 3.40282e+38
3.40282e+38 3.40282e+38
3.40282e+38 3.40282e+38
3.40282e+38 3.40282e+38
3.40282e+38 3.40282e+38
3.40282e+38 3.40282e+38
3.40282e+38 3.40282e+38
3.40282e+38 3.40282e+38
3.40282e+38 3.40282e+38
3.40282e+38 3.40282e+38
0.548209 10.2104
0.570322 9.49599
0.549322 9.45526
0.548545 9.72306
0.554366 9.21964
0.564812 9.85802
0.548295 9.74552
0.555168 9.14987
0.52598 8.73201
0.526046 8.30032
0.519504 8.21462
0.518826 8.30409
0.506355 8.41792
0.497922 8.65221
0.513667 8.25562
0.524277 7.85659
0.52502 7.82688
0.55193 7.11587
0.547074 7.13349
0.536431 7.39317
0.53995 7.43613
0.539924 7.59042
0.549292 7.56256
0.551517 7.22612
0.556522 7.21947
0.550745 7.21531
0.531875 7.54463
0.545402 7.20482
0.547142 7.25657
0.55087 7.28174
0.555001 7.14851
0.554572 7.15196
0.55582 7.31646
0.555288 7.44035
0.565912 7.56225
0.572272 7.44569
0.566032 7.54945
0.581439 7.62223
0.587291 7.81698
0.591356 8.09425
0.58623 8.16497
0.529074 7.88031
0.548847 7.69892
0.528767 7.48745
0.508208 7.58943
0.502734 8.15508
0.503283 9.50355
0.447704 10.5625
0.331714 11.5632
0.325316 12.6995
0.425428 12.485
0.40381 12.1561
0.474016 10.3439
0.51975 10.4585
0.549785 10.5221
0.566499 10.0584
0.567073 9.93157
0.578431 10.1185
0.610693 9.91958
0.603916 9.8124
0.597988 9.76739
0.626515 9.74819
0.624582 9.65148
0.634679 9.5421
0.638717 9.44157
0.626973 9.33416
0.59048 9.42891
0.563154 9.24528
0.551984 9.13781
0.546978 9.25296
0.558109 9.16677
0.5923 9.00915
0.604194 8.86042
0.613097 8.73405
0.612238 8.59074
0.604712 8.78287
0.59858 9.04172
0.604146 8.91781
0.597872 8.7433
0.594681 8.69586
0.594235 8.6475
0.588124 8.71405
0.599684 8.71132
0.612284 8.55883
0.616645 8.50808
0.609795 8.5182
0.619889 8.39106
0.625246 8.21465
0.650393 8.02727
0.712631 8.11052
0.713311 8.78006
0.71355 8.95033
0.728936 9.23138
0.727637 9.28185
0.699034 9.31805
0.714079 9.53337
0.668426 9.46189
0.651215 9.70937
0.645331 9.73007
0.585216 9.84566
0.547029 9.65148
0.544238 9.70684
0.526371 9.5542
0.558532 9.35959
0.559987 9.04947
0.585659 8.46344
0.618449 8.01955
0.628109 7.32395
0.664676 7.19645
0.696341 6.95666
0.728803 6.85354
0.728725 6.95537
0.724293 7.20875
0.712014 7.27478
0.702166 7.10798
0.6781 7.10087
0.678263 7.17643
0.675522 7.18343
0.683887 7.01156
0.663806 7.06419
0.655446 6.68677
0.637536 6.73583
0.660261 6.58868
0.666786 6.90104
0.67065 6.97563
0.65 7.38932
0.682878 7.19179
0.656902 7.35726
0.650622 7.46432
0.629195 7.59115
0.629935 7.28005
0.618838 7.44401
0.620444 7.54025
0.619153 7.51792
0.64044 7.07344
0.645175 6.98723
0.639883 7.43299
0.657452 7.5951
0.677736 7.39235
0.636682 7.53037
0.663229 7.33164
0.683955 7.21819
0.737616 7.4004
0.675882 7.47968
0.675159 7.42344
0.660815 7.72118
0.668714 7.61795
0.632541 8.11918
0.649061 8.72581
0.586353 8.42281
0.670111 7.85184
0.665571 7.92919
0.64325 7.90271
0.631743 7.80981
0.61571 7.62726
0.606145 7.39997
0.606598 7.27566
0.598697 7.07812
0.6004 7.13183
0.597212 7.15382
0.609371 7.31936
0.615581 7.83344
0.724544 8.27866
0.726469 8.21523
0.70048 8.29692
0.713101 8.25409
0.701484 8.19822
0.667781 8.55978
0.672601 8.53377
0.651424 8.39134
0.622788 8.19721
0.628471 8.34895
0.621872 8.33274
0.634626 8.46138
0.642579 8.45363
0.637576 8.53875
0.647606 8.47957
0.648993 8.49862
0.638976 8.42511
0.664321 8.35963
0.677439 8.24876
0.696278 8.09708
0.671586 8.40867
0.670096 8.40683
0.691847 8.44617
0.709755 8.64646
0.724982 8.50663
0.738524 8.57259
0.727445 8.32179
0.714911 8.23794
0.713598 8.2307
0.697684 8.16533
0.693362 8.03801
0.679088 7.90095
0.702952 7.90275
0.720175 7.63634
0.71265 7.79173
0.663492 7.62627
0.656267 7.47186
0.665521 7.46287
0.646154 7.31843
0.615294 7.20723
0.573893 7.36709
0.571826 6.98007
0.593663 6.76874
0.621075 6.6697
0.621836 6.62564
0.601695 6.64612
0.630118 6.57714
0.617937 6.61549
0.635403 6.57813
0.637179 6.84152
0.645842 6.79432
0.654545 6.67128
0.658099 6.87124
0.661177 6.74899
0.659054 6.61309
0.649472 6.56
0.633226 6.69105
0.609952 6.74829
0.595389 7.30454
0.590567 7.98373
0.595618 8.39849
0.577074 8.86471
0.626718 8.48546
0.54478 8.40324
0.580108 8.58001
0.509185 9.36346
0.526254 8.89245
0.524758 10.4568
0.484648 10.0503
0.480547 9.72579
0.487402 9.60284
0.466419 9.54258
0.439024 10.6596
0.517015 9.80927
3.40282e+38 3.40282e+38
3.40282e+38 3.40282e+38
3.40282e+38 3.40282e+38
3.40282e+38 3.40282e+38
3.40282e+38 3.40282e+38
3.40282e+38 3.40282e+38
3.40282e+38 3.40282e+38
3.40282e+38 3.40282e+38
3.40282e+38 3.40282e+38
3.40282e+38 3.40282e+38
3.40282e+38 3.40282e+38
3.40282e+38 3.40282e+38
3.40282e+38 3.40282e+38
3.40282e+38 3.40282e+38
3.40282e+38 3.40282e+38
3.40282e+38 3.40282e+38
3.40282e+38 3.40282e+38
3.40282e+38 3.40282e+38
3.40282e+38 3.40282e+38
3.40282e+38 3.40282e+38
3.40282e+38 3.40282e+38
3.40282e+38 3.40282e+38
3.40282e+38 3.40282e+38
3.40282e+38 3.40282e+38
3.40282e+38 3.40282e+38
3.40282e+38 3.40282e+38
3.40282e+38 3.40282e+38
3.40282e+38 3.40282e+38
3.40282e+38 3.40282e+38
3.40282e+38 3.40282e+38
3.40282e+38 3.40282e+38
3.40282e+38 3.40282e+38
3.40282e+38 3.40282e+38
3.40282e+38 3.40282e+38
3.40282e+38 3.40282e+38
0.390253 12.3793
0.456563 11.8771
0.428287 11.0779
0.381042 10.3469
0.491761 9.08293
0.44582 10.4424
0.49136 9.21454
0.503583 9.21977
0.508197 9.05344
0.529574 8.71607
0.562623 8.30436
0.564417 8.24235
0.538354 8.6399
0.545429 8.66203
0.568447 8.55624
0.571281 8.70515
0.552885 8.70946
0.53101 8.2111
0.548404 8.34028
0.574434 8.10344
0.563675 8.09036
0.527383 8.20245
0.552004 8.97283
0.538691 9.093
0.579141 8.66098
0.580838 8.79209
0.563786 9.23476
0.580871 9.06309
0.578604 9.22294
0.590734 9.18404
0.598095 9.39117
0.611825 9.1316
0.61783 8.95963
0.661919 8.96187
0.683109 8.64649
0.662024 8.53228
0.649322 8.51302
0.646102 8.56089
0.646192 8.36587
0.638397 8.19005
0.63586 8.03813
0.634177 8.03137
0.635878 7.92381
0.638023 8.11169
0.640722 7.97573
0.643403 8.06503
0.647089 7.90488
0.644782 7.79654
0.651635 7.83248
0.652243 7.68541
0.644569 7.76433
0.651769 7.79733
0.647627 7.82968
0.655044 7.95304
0.646607 8.37417
0.632825 8.70556
0.584906 8.35028
0.555313 8.12885
0.54424 8.07359
0.649819 9.02882
0.595755 10.4584
0.495931 9.49593
0.464772 8.93589
0.563667 8.97238
0.625507 9.6471
0.652187 9.6185
0.65686 8.95822
0.656587 8.40751
0.622061 8.3858
0.620606 8.42245
0.63021 8.66258
0.651491 8.74781
0.665677 8.60267
0.649903 8.58841
0.64295 8.62696
0.642587 8.69062
0.643549 8.50836
0.636336 8.45249
0.630981 8.44965
0.636364 8.37353
0.639918 8.38768
0.639648 8.55318
0.630662 8.79718
0.635359 9.00027
0.624634 8.82278
0.600466 8.73825
0.614083 8.76836
0.621274 8.62282
0.620297 8.92578
0.625 8.97764
0.618843 8.75753
0.634412 8.69283
0.652424 8.43211
0.694665 7.95346
0.74886 7.87432
0.753718 7.72712
0.747934 7.78883
0.728551 7.90549
0.702427 7.7176
0.661918 7.85301
0.625785 7.90162
0.60292 8.19678
0.609207 8.38161
0.6304 8.62435
0.611733 9.1818
0.633948 8.9088
0.630753 8.65332
0.616675 8.42512
0.59381 8.11856
0.531109 8.396
0.547877 8.19822
0.503059 8.70804
0.520038 8.51638
0.597468 8.7479
0.561651 8.5886
0.536288 8.8657
0.51616 9.05627
0.488084 9.11254
0.474134 9.45557
0.449301 9.59716
0.43316 9.4615
0.423254 9.61939
0.419342 9.83216
0.438804 9.68172
0.477147 9.55379
0.494257 9.42325
0.520841 9.10743
0.543873 8.68147
0.550396 8.48373
0.559255 8.5478
0.555128 8.66576
0.512839 8.63561
0.496435 9.269
0.510514 9.25812
0.472748 9.05172
0.574485 8.74699
0.547118 9.33534
0.529671 9.82327
0.579094 9.79932
0.645989 10.1009
0.67665 9.42953
0.708465 9.42082
0.645152 9.75941
0.60035 10.0037
0.583768 9.69478
0.580076 9.41211
0.606318 9.21365
0.619167 9.16159
0.617507 9.25582
0.608958 9.14916
0.620335 9.31827
0.619955 9.43794
0.620802 9.36056
0.606873 9.62564
0.611986 9.61357
0.589881 9.85842
0.573747 9.65225
0.603913 9.41513
0.622452 9.15518
0.622163 9.16717
0.672008 9.73246
0.589406 10.7701
0.604218 11.1244
0.537602 11.5123
0.507898 11.3005
0.510161 11.0232
0.556931 10.0516
0.592317 9.79715
0.596336 11.0406
0.552756 11.7388
0.547231 12.0143
0.503562 12.2719
0.512536 12.0783
0.502978 11.8112
0.481765 11.6694
0.508217 11.0311
0.544876 10.2735
0.592088 10.1084
0.628369 10.7642
0.607934 11.7503
0.623525 11.1901
0.552997 11.5579
0.512363 12.587
0.464982 12.5765
0.499508 11.4272
0.490344 11.2417
0.491604 10.1874
0.54646 9.65597
0.571472 11.2158
0.562846 11.1775
0.54024 11.8564
0.511536 12.8006
0.504368 12.327
0.500143 12.4591
0.521507 11.5718
0.525466 11.0478
0.519741 9.7389
0.545896 10.5746
0.58047 11.1689
0.630575 11.9296
0.631767 11.8698
0.634231 11.7643
0.630219 11.4039
0.521374 11.6359
0.346424 11.8534
0.521399 9.414
0.584386 9.82592
0.594695 9.1679
0.615885 9.01886
0.609317 9.13328
0.567157 9.31877
0.568744 10.1211
0.549101 10.1055
0.580038 10.1337
0.596011 10.289
0.616279 9.84967
0.596515 10.0017
0.601048 9.91527
0.586683 9.47434
0.608275 9.31932
0.630979 8.68781
0.637142 8.75427
0.630537 8.27562
0.632925 8.56146
0.630442 8.8438
0.631121 9.06864
0.584824 9.50337
0.549763 9.52262
0.515993 8.96854
0.553333 10.0757
0.644783 10.3869
0.574099 9.5732
0.509635 10.2426
0.560588 10.1643
0.5035 10.6417
0.477553 10.3393
0.493317 9.60593
0.48695 9.22391
0.57045 8.55371
0.584432 8.43934
0.558352 8.20143
0.56002 7.42142
0.561429 7.44872
0.581127 7.36369
0.599015 7.40184
0.629351 7.26099
0.628196 7.37163
0.636888 7.29113
0.62553 7.12858
0.613208 7.0318
0.604007 7.13584
0.591943 7.27932
0.586283 7.40731
0.595957 7.20648
0.61408 7.1058
0.613977 7.11377
0.622758 7.20346
0.625707 7.27527
0.614872 7.25873
0.610187 7.26379
0.617783 7.22171
0.623898 7.24784
0.616667 7.27967
0.61594 7.2542
0.606068 7.30625
0.604333 7.10174
0.588399 7.3237
0.583629 7.21805
0.571932 7.24024
0.564334 7.21804
0.563641 7.25791
0.56975 7.21298
0.572179 7.16367
0.575113 7.13827
0.569385 7.10672
0.569525 7.11264
0.565054 7.09541
0.567723 7.22958
0.562223 7.2022
0.564831 7.22962
0.559376 7.42148
0.561507 7.42167
0.562423 7.48988
0.551565 7.73447
0.549651 7.74938
0.549702 7.7725
0.557614 7.64011
0.557268 7.7743
0.554291 7.81929
0.555187 7.79379
0.571599 7.75237
0.589688 8.02738
0.627413 8.17409
0.636121 7.89649
0.656789 7.67565
0.634294 7.74346
0.636599 8.47299
0.663192 8.91584
0.656172 8.81397
0.657908 8.82399
0.643124 9.11978
0.637052 9.143
0.615461 9.01356
0.60289 8.81705
0.583685 8.62006
0.594885 8.31633
0.618973 8.20114
0.621012 7.89279
0.629401 8.0129
0.645796 8.31162
0.617108 8.57424
0.617746 8.4003
0.606366 8.31686
0.60371 7.95726
0.613068 7.53105
0.631436 7.93501
0.64215 7.63989
0.646127 7.65837
0.658356 7.84752
0.630809 8.49522
0.600984 8.55772
0.588388 8.42705
0.635243 7.92022
0.675595 7.91735
0.665421 7.75833
0.666204 7.72793
0.72299 7.75293
0.790536 7.81481
0.766507 7.69605
0.771904 7.69751
0.765306 7.36473
0.761853 7.6396
0.761922 7.12206
0.763058 6.9142
0.773745 6.87138
0.750575 7.09415
0.734489 7.26692
0.735915 7.15349
0.746357 7.08717
0.745783 7.32343
0.738506 7.45798
0.7225 7.49329
0.720748 7.46705
0.695011 7.91582
0.713283 8.21211
0.682287 8.56766
0.717085 8.01285
0.676049 7.84152
0.675263 7.23018
0.642132 7.22305
0.625116 7.87881
0.607819 8.54646
0.621439 8.51312
0.631159 8.56755
0.658896 8.38634
0.67572 8.56293
0.706314 8.3389
0.715605 8.24291
0.716117 8.36602
0.725184 7.99077
0.706928 8.36534
0.70057 8.54815
0.68843 8.41124
0.670768 8.36908
0.681748 8.02951
0.663889 7.83544
0.670368 7.67493
0.678968 7.59966
0.690357 7.16261
0.703978 7.12802
0.705007 7.15971
0.717578 6.89918
0.728442 6.67671
0.733656 6.67113
0.739945 6.60647
0.741024 6.86909
0.75166 6.79992
0.748241 6.67632
0.757585 6.51436
0.750756 6.75632
0.754491 6.48685
0.74928 6.66962
0.762084 6.46247
0.752654 6.34815
0.770997 6.22166
0.732011 6.78778
0.567262 8.28387
0.504875 8.48063
0.465045 8.7678
0.628002 8.94299
0.390896 10.9455
3.40282e+38 3.40282e+38
3.40282e+38 3.40282e+38
3.40282e+38 3.40282e+38
3.40282e+38 3.40282e+38
3.40282e+38 3.40282e+38
3.40282e+38 3.40282e+38
3.40282e+38 3.40282e+38
3.40282e+38 3.40282e+38
3.40282e+38 3.40282e+38
3.40282e+38 3.40282e+38
3.40282e+38 3.40282e+38
3.40282e+38 3.40282e+38
3.40282e+38 3.40282e+38
3.40282e+38 3.40282e+38
3.40282e+38 3.40282e+38
3.40282e+38 3.40282e+38
3.40282e+38 3.40282e+38
3.40282e+38 3.40282e+38
3.40282e+38 3.40282e+38
3.40282e+38 3.40282e+38
3.40282e+38 3.40282e+38
3.40282e+38 3.40282e+38
3.40282e+38 3.40282e+38
3.40282e+38 3.40282e+38
3.40282e+38 3.40282e+38
3.40282e+38 3.40282e+38
3.40282e+38 3.40282e+38
3.40282e+38 3.40282e+38
3.40282e+38 3.40282e+38
3.40282e+38 3.40282e+38
3.40282e+38 3.40282e+38
3.40282e+38 3.40282e+38
3.40282e+38 3.40282e+38
3.40282e+38 3.40282e+38
3.40282e+38 3.40282e+38
3.40282e+38 3.40282e+38
3.40282e+38 3.40282e+38
3.40282e+38 3.40282e+38
0 0
0.278954 12.1865
0.0405995 22.5064
0.0773931 18.3735
0.166222 14.2616
0.365272 11.7023
0.538111 9.29073
0.574 8.24384
0.62615 7.46527
0.625195 7.21557
0.639906 7.04358
0.66105 6.53548
0.654159 6.31514
0.682785 6.38574
0.687235 6.3687
0.699961 6.3122
0.695136 6.08185
0.712068 5.89439
0.739571 6.0722
0.758033 5.89251
0.75809 5.80523
0.770892 5.65701
0.78833 5.76697
0.782713 5.7399
0.795491 5.83319
0.797816 5.76264
0.79855 5.64937
0.762805 5.7978
0.782905 5.90126
0.782784 5.87199
0.779126 5.8432
0.779179 5.94612
0.793483 5.90513
0.801146 5.97762
0.795353 5.9218
0.789006 5.75034
0.779288 5.72537
0.787781 5.73752
0.791683 5.47239
0.786342 5.75594
0.777645 5.77814
0.781039 5.77542
0.780671 5.69246
0.789992 5.69595
0.786271 5.72496
0.754969 6.07503
0.779074 5.98385
0.765499 5.91933
0.773893 5.94297
0.770817 6.05432
0.76548 6.1082
0.766432 6.03532
0.7872 5.82778
0.777016 5.82356
0.781443 6.00584
0.784173 6.03197
0.761168 6.09431
0.803949 6.57862
0.793032 6.68448
0.689372 7.80397
3.40282e+38 3.40282e+38
0.599758 9.55323
0.673026 8.70384
0 0
0.512718 10.798
3.40282e+38 3.40282e+38
3.40282e+38 3.40282e+38
3.40282e+38 3.40282e+38
3.40282e+38 3.40282e+38
3.40282e+38 3.40282e+38
3.40282e+38 3.40282e+38
3.40282e+38 3.40282e+38
3.40282e+38 3.40282e+38
3.40282e+38 3.40282e+38
3.40282e+38 3.40282e+38
0 0
3.40282e+38 3.40282e+38
3.40282e+38 3.40282e+38
0.279421 10.4886
0.504334 9.96742
3.40282e+38 3.40282e+38
0.591528 9.60853
3.40282e+38 3.40282e+38
0.555453 9.75813
0.653021 9.57951
0.662949 9.08408
0.652174 9.1782
0.656673 9.31495
0.657184 9.45237
0.620927 9.17117
0.593169 9.46581
0.564677 9.37079
0.568763 9.42501
0.541339 9.646
0.567384 9.61057
0.558366 9.82532
0.572721 9.38228
0.591852 9.20626
0.572321 9.40809
0.600284 9.02697
0.586461 9.20899
0.646285 8.63846
0.632834 8.71755
0.660645 8.54078
0.655196 8.72474
0.671605 8.4816
0.666085 8.42369
0.687099 8.17014
0.679312 8.25041
0.685251 7.97332
0.678995 8.20125
0.684898 8.10148
0.692389 8.16287
0.675079 8.22385
0.686858 8.03199
0.686467 8.10777
0.683228 8.08302
0.679986 8.12166
0.680394 8.10707
0.672318 8.13476
0.67872 7.97652
0.668276 8.06461
0.668163 8.07629
0.66991 7.96589
0.667818 7.99038
0.673928 7.97537
0.672702 8.12375
0.680169 7.97303
0.671788 8.19061
0.668072 8.36814
0.658716 8.69948
0.644109 9.33573
0.630558 9.81993
0.634799 9.78235
0.598425 10.1434
0.581242 9.87893
0.551565 9.78945
0.519874 9.5369
0.401127 10.9318
0.404079 10.4672
3.40282e+38 3.40282e+38
3.40282e+38 3.40282e+38
3.40282e+38 3.40282e+38
3.40282e+38 3.40282e+38
3.40282e+38 3.40282e+38
3.40282e+38 3.40282e+38
3.40282e+38 3.40282e+38
3.40282e+38 3.40282e+38
3.40282e+38 3.40282e+38
3.40282e+38 3.40282e+38
3.40282e+38 3.40282e+38
3.40282e+38 3.40282e+38
3.40282e+38 3.40282e+38
3.40282e+38 3.40282e+38
3.40282e+38 3.40282e+38
3.40282e+38 3.40282e+38
3.40282e+38 3.40282e+38
3.40282e+38 3.40282e+38
3.40282e+38 3.40282e+38
3.40282e+38 3.40282e+38
3.40282e+38 3.40282e+38
3.40282e+38 3.40282e+38
3.40282e+38 3.40282e+38
3.40282e+38 3.40282e+38
3.40282e+38 3.40282e+38
3.40282e+38 3.40282e+38
3.40282e+38 3.40282e+38
3.40282e+38 3.40282e+38
0.0891473 9.8036
0.225362 9.71498
0.339688 9.2347
0.451856 8.78029
0.570764 8.32869
0.580724 8.39549
0.560936 8.35719
0.602261 8.70703
0.53758 9.40777
0.5625 9.44921
0.503089 8.90016
0.46255 9.23754
0.432495 9.77837
0.0260163 27.8187
0.0480973 19.3193
0.186676 11.468
0.358197 10.5761
0.343699 10.461
0.293924 10.2311
0.281857 10.0087
0.272957 10.0489
0.276451 10.1969
0.294376 10.0051
0.317549 9.7863
0.334272 9.36597
0.334252 9.08236
0.295355 9.07774
0.280069 9.06088
0.311847 8.75845
0.396504 7.77939
0.461244 7.14714
0.466165 7.14733
0.486867 6.89335
0.474886 6.70949
0.466425 6.84937
0.454219 7.03418
0.458333 6.84526
0.440917 6.70194
0.443281 6.7239
0.441558 6.69947
0.441901 6.87743
0.43168 6.93299
0.418605 6.78186
0.401681 6.88576
0.406071 6.86107
0.382057 6.8637
0.368741 6.98767
0.344023 6.86605
0.328883 7.23145
0.284564 7.33974
0.276803 7.39092
0.183185 24.2859
0.305953 14.4402
0.315978 12.5194
0.430227 11.7145
0.47659 10.99
0.519726 11.3681
0.525614 11.6872
0.437943 12.707
0.34116 12.1763
0.246567 12.4273
0.271909 11.9165
0.266667 11.7125
0.277491 11.3624
0.266721 11.8551
0.265621 11.6844
0.269531 11.4988
0.274916 11.2749
0.279456 11.3129
0.293891 11.0247
0.305892 10.9027
0.33027 10.6637
0.328117 10.3257
0.331938 9.41101
0.326867 9.08407
0.34172 8.63392
0.338462 8.15964
0.331375 8.10862
0.331142 8.21722
0.328582 8.07348
0.334484 8.06952
0.335071 8.08962
0.333995 8.07729
0.343351 8.06215
0.338404 7.94143
0.32938 7.93632
0.338042 7.78542
0.334322 7.66341
0.333087 7.79322
0.333745 7.82159
0.335649 8.05203
0.333747 7.86746
0.340676 7.99184
0.338213 7.84301
0.337127 7.79306
0.33715 7.83933
0.334788 7.72963
0.333936 7.69015
0.342455 7.84549
0.345291 7.72638
0.341695 7.76892
0.33596 7.77387
0.333069 7.81992
0.333069 7.99483
0.337427 7.90021
0.337874 7.96215
0.336792 8.12293
0.342357 8.14944
0.341024 8.45186
0.339247 8.4556
0.332975 8.52394
0.330619 8.37545
0.326391 8.33751
0.324198 8.37769
0.328886 8.49327
0.32879 8.8059
0.330773 9.20314
0.330258 9.11136
0.329114 9.26063
0.329229 9.2917
0.339556 9.31474
0.329054 9.39679
0.325725 9.28893
0.328586 9.16201
0.334573 8.92432
0.345926 8.82351
0.351811 8.75438
0.35297 8.83813
0.349768 8.5962
0.345783 8.52126
0.353239 8.73666
0.347857 8.76279
0.351066 8.81275
0.348943 8.68284
0.345834 8.62599
0.350405 8.69493
0.344607 8.72505
0.342398 8.83699
0.344015 8.97425
0.344811 9.03908
0.340421 9.11254
0.339007 9.22645
0.337989 9.33239
0.342643 9.22309
0.337089 9.17233
0.339551 9.22772
0.342521 9.17137
0.343308 9.07798
0.340587 9.08712
0.348116 9.05434
0.350411 9.0888
0.359151 9.02486
0.358242 8.8647
0.359206 8.9148
0.369179 8.81324
0.369353 8.87963
0.375985 8.90777
0.375133 9.05607
0.374499 8.90537
0.38249 8.75879
0.387664 8.60278
0.385994 8.63099
0.392989 8.62185
0.395677 8.54313
0.404699 8.65135
0.415252 8.57292
0.4147 8.50482
0.415608 8.40371
0.413143 8.46907
0.421118 8.39446
0.416693 8.24617
0.418738 8.37255
0.426494 8.43951
0.429039 8.30861
0.434969 8.13485
0.428856 8.13433
0.431925 8.18511
0.442208 8.06899
0.445034 7.96067
0.444085 7.89591
0.445435 7.97178
0.442718 7.93165
0.445727 8.02027
0.445298 8.0107
0.435953 8.03439
0.446634 7.92437
0.439142 7.90462
0.435007 7.96405
0.429052 7.98606
0.418578 7.97784
0.42006 7.94322
0.416354 8.0538
0.421478 8.10148
0.41284 7.94805
0.411697 8.11887
0.404835 8.09893
0.394696 7.93886
0.392088 7.85014
0.38498 7.77395
0.365854 7.89236
0.343826 7.96688
0.320717 7.98727
0.298727 8.02141
0.273763 7.94406
0.261237 8.02296
0.27259 7.86914
0.268646 7.82564
0.283582 7.73692
0.304425 7.92395
0.322547 7.69135
0.335563 7.64441
0.338891 7.66456
0.338245 7.69347
0.348141 8.04508
0.339357 8.23415
0.338729 8.51509
0.340456 8.54659
0.34145 8.67237
0.327489 8.84185
0.326374 9.00149
0.331575 9.11401
0.324786 9.02616
0.32263 9.15374
0.323544 9.19844
0.323441 9.29043
0.328871 9.33477
0.328058 9.29354
0.32419 9.47158
0.329588 9.42753
0.32546 9.38284
0.328784 9.32182
0.330424 9.33749
0.336826 9.15638
0.34668 9.0241
0.345627 9.11098
0.340341 9.08051
0.341439 8.989
0.341099 9.04049
0.340478 8.95596
0.339917 9.00774
0.338001 8.85742
0.343419 8.9198
0.347998 8.69144
0.348803 8.68631
0.350807 8.65956
0.356697 8.69868
0.364394 8.62041
0.365909 8.5767
0.372424 8.44766
0.372564 8.41961
0.374968 8.30561
0.383529 8.20646
0.385974 8.39652
0.390667 8.33977
0.391808 8.35217
0.392439 8.34165
0.386787 8.30326
0.388377 8.09249
0.385529 8.12351
0.382065 8.18867
0.381162 8.19257
0.379597 8.18047
0.383107 8.15421
0.388889 8.18048
0.390708 8.09504
0.38363 8.13391
0.380445 8.21195
0.379452 8.28938
0.371976 8.47563
0.3602 8.55991
0.357054 8.71781
0.354789 8.69509
0.354167 8.70147
0.361804 8.57166
0.367407 8.88778
0.371075 9.209
0.37979 9.1993
0.382183 9.33217
0.385695 9.17371
0.390024 9.18399
0.393403 9.10708
0.404404 9.10486
0.409123 9.0401
0.409651 8.91355
0.411141 8.88116
0.398508 8.8175
0.40211 8.80084
0.406081 8.34567
0.403796 8.25823
0.406957 8.18377
0.386782 8.30764
0.374004 8.20691
0.366477 8.52749
0.362256 8.4493
0.358266 8.41361
0.36 8.48094
0.362385 8.45968
0.35988 8.57342
0.353181 8.70019
0.359669 8.78291
0.363057 8.98577
0.368065 9.06337
0.367099 9.2151
0.365061 9.24511
0.360585 9.37273
0.361167 9.21175
0.355823 9.10681
0.353629 9.23925
0.34822 9.32513
0.356875 9.17481
0.355013 9.25044
0.363125 9.20765
0.378933 8.99517
0.387633 8.79824
0.391951 8.77871
0.394756 8.72956
0.390262 8.76715
0.400845 8.66358
0.415943 8.65442
0.420717 8.65347
0.431596 8.72166
0.436075 8.86965
0.447596 8.83675
0.452332 8.8162
0.464346 8.80777
0.479609 8.84688
0.487478 8.81641
0.487035 8.74037
0.496056 8.58656
0.515326 8.54645
0.516674 8.64944
0.521001 8.57065
0.524336 8.48602
0.534361 8.29468
0.540913 8.20172
0.543451 8.05349
0.54455 8.1237
0.546977 8.01129
0.54964 7.85944
0.54331 7.59066
0.543242 7.55008
0.545354 7.40489
0.543721 7.45783
0.521206 7.46794
0.51275 7.39877
0.504569 7.41022
0.488636 7.50845
0.459107 7.92474
0.438557 7.87755
0.429463 8.26498
0.422674 8.24353
0.406428 8.36201
0.403298 8.32834
0.395267 8.5037
0.390419 8.41721
0.385262 8.61993
0.377992 8.7575
0.36933 8.64405
0.371421 8.64377
0.367553 8.73546
0.372259 8.9738
0.362717 9.01211
0.357161 9.01128
0.352701 8.99422
0.35275 8.95263
0.346221 8.97912
0.342625 9.14801
0.342599 9.11576
0.339971 9.23132
0.34076 9.11211
0.338035 9.17705
0.343234 9.11885
0.341667 9.01767
0.351754 8.89966
0.349917 9.05873
0.358956 9.02094
0.358022 8.97882
0.360097 8.67298
0.368459 8.49992
0.374354 8.20677
0.37364 8.0379
0.38038 7.93036
0.384154 8.06555
0.387431 8.02839
0.390875 8.06325
0.392547 8.03621
0.392885 7.83539
0.395635 7.84424
0.396357 7.92347
0.387376 7.72022
0.381901 7.74873
0.375878 7.76729
0.369143 7.90111
0.363457 7.83205
0.366124 7.66723
0.365205 7.92283
0.354141 8.07436
0.354099 8.16782
0.355833 8.29161
0.344962 8.43709
0.33438 8.41077
0.334338 8.42689
0.351547 8.27632
0.364119 8.20715
0.369872 8.21084
0.374115 8.31736
0.374034 8.31748
0.37609 8.5008
0.361358 8.58676
0.356836 8.67189
0.347995 8.84031
0.346975 8.77476
0.354131 8.73496
0.374353 8.69464
0.381141 8.65923
0.375277 8.72158
0.370793 8.62099
0.379675 8.52658
0.380364 8.56921
0.382812 8.55558
0.380938 8.33209
0.376959 8.32568
0.364058 8.47863
0.359424 8.58819
0.35843 8.6152
0.35431 8.63265
0.359906 8.64796
0.372727 8.63483
0.374955 8.62868
0.383657 8.71563
0.39454 8.75552
0.401358 8.74784
0.399848 8.71559
0.41638 8.69611
0.411878 8.49778
0.409703 8.46563
0.406734 8.47057
0.408682 8.3818
0.400852 8.36458
0.396973 8.28668
0.401172 8.38337
0.389215 8.44819
0.390539 8.43665
0.379598 8.72312
0.3941 8.7495
0.395628 8.89641
0.379322 8.85656
0.341075 9.11345
0.326031 9.04684
0.317369 9.13959
0.32819 9.07181
0.330606 9.03456
0.344532 9.31525
0.343903 9.38855
0.349951 9.17539
0.349511 9.19201
0.356291 9.38415
0.360508 9.28366
0.361838 9.42826
0.355977 9.21099
0.358812 9.3551
0.360469 9.2741
0.358889 9.42345
0.358119 9.43515
0.356589 9.35163
0.350705 9.3399
0.342383 9.2965
0.342089 9.27055
0.334909 9.24184
0.332605 9.22577
0.329189 9.03771
0.325667 9.0412
0.330387 9.02191
0.330475 8.845
0.327959 8.78127
0.326256 8.77113
0.326561 8.91361
0.330645 8.74094
0.332837 8.70065
0.327612 8.7466
0.326452 8.73816
0.324814 8.83636
0.328881 8.8009
0.3302 8.90417
0.332259 8.90078
0.342043 8.84599
0.350793 8.71903
0.355549 8.92338
0.357207 8.64352
0.359584 8.7369
0.357517 8.67671
0.359694 8.57397
0.365751 8.32933
0.36845 8.14974
0.37981 8.20154
0.381046 8.15292
0.39085 8.08667
0.39096 8.17437
0.394714 8.20729
0.392847 8.39478
0.381725 8.32823
0.371637 8.29476
0.364782 8.35677
0.359226 8.3583
0.353405 8.39579
0.349633 8.4027
0.360499 8.26727
0.369226 8.22472
0.367823 8.08217
0.383297 8.08074
0.396316 8.06326
0.407141 8.08158
0.41855 8.13998
0.423905 8.19496
0.421781 8.23912
0.404412 8.63249
0.401333 8.58307
0.397036 8.49294
0.376348 8.54139
0.35517 8.58083
0.357877 8.56251
0.333904 8.3674
0.302266 8.33263
0.294298 8.28585
0.271965 8.10852
0.266784 7.91391
0.260113 7.87076
0 -nan
0 28.8079
0.278589 13.3367
0.231162 11.7069
3.40282e+38 3.40282e+38
0.161574 9.25625
0.158249 7.86889
0 -nan
0 33.3972
0.064135 16.7901
0.088706 11.916
0.105214 10.0932
0.228484 9.43254
0.265674 8.97264
0.296339 9.03212
0.308699 8.85779
0.328009 8.78447
0.367847 8.94306
0.358275 9.3027
0.412258 9.35631
0.442186 9.6699
0.45679 9.42803
0.455615 9.7368
0.447712 9.72876
0.441413 9.74087
0.444232 9.56645
0.445141 9.41713
0.443898 9.24075
0.436788 8.95957
0.418578 8.92444
0.398864 9.09381
0.375068 8.61075
0.373699 8.57447
0.373073 8.61372
0.364292 8.90392
0.359778 8.88178
0.361536 9.09777
0.354678 8.72395
0.352062 8.61879
0.347226 8.59916
0.350717 8.64872
0.344285 8.66158
0.340707 8.52485
0.345576 8.49008
0.343332 8.45648
0.344043 8.46084
0.345643 8.48538
0.344637 8.45992
0.34454 8.27043
0.351514 8.2098
0.349223 8.23948
0.347298 8.24727
0.352427 8.24927
0.35273 8.25436
0.35085 8.48591
0.349497 8.5984
0.349712 8.85412
0.350378 8.63691
0.353823 8.86188
0.358724 8.92031
0.36383 8.92362
0.372688 9.03633
0.389111 8.8063
0.385145 8.88761
0.379391 8.99128
0.385181 8.74897
0.394202 8.58976
0.398389 8.55425
0.411268 8.64192
0.41601 8.5353
0.419138 8.26664
0.422912 8.23754
0.426071 7.98373
0.44293 7.69968
0.451509 7.6592
0.454927 7.6219
0.450799 7.85777
0.435042 8.0962
0.423896 7.67694
0.426194 7.57758
0.426605 7.71274
0.420797 7.78469
0.402999 7.98114
0.400061 8.14399
0.389882 8.39278
0.381522 8.72437
0.382584 8.86196
0.400523 8.89052
0.403884 8.82834
0.401596 8.98315
0.397667 8.71675
0.404341 8.51185
0.401333 8.49678
0.384917 8.49351
0.381234 8.58004
0.372659 8.44242
0.376311 8.41154
0.364395 8.35327
0.365936 8.41557
0.358835 8.52931
0.353383 8.4157
0.350154 8.34614
0.35245 8.32159
0.355867 8.33756
0.348538 8.13537
0.353066 8.14933
0.352257 8.29468
0.352796 8.29198
0.355719 8.20757
0.357069 8.23664
0.356852 8.26434
0.352961 8.55945
0.351369 8.56339
0.354924 8.54587
0.350837 8.57002
0.355954 9.03413
0.350741 9.03232
0.353513 9.26342
0.347757 9.23205
0.35191 9.26269
0.347214 9.36943
0.348214 9.44376
0.34486 9.51513
0.348356 9.47623
0.345851 9.55558
0.347579 9.57021
0.349881 9.52161
0.345182 9.37588
0.348364 9.1261
0.342199 8.92904
0.337489 8.75687
0.344022 8.65795
0.338411 8.54389
0.3422 8.30756
0.338466 8.6882
0.335119 8.71808
0.333333 8.23708
0.339259 8.37023
0.337206 8.36847
0.338083 8.28664
0.340597 8.36268
0.338494 8.59026
0.337411 8.83869
0.340656 8.71724
0.345515 8.77571
0.348393 9.00394
0.345488 8.88275
0.344152 8.98972
0.352869 9.11849
0.356991 9.058
0.344237 9.04285
0.350829 9.09746
0.352578 9.01499
0.35085 8.83446
0.353049 8.72397
0.351642 8.60285
0.348387 8.55034
0.345494 8.39496
0.344217 8.43692
0.348632 8.44353
0.347407 8.31018
0.342634 8.39647
0.338887 8.45829
0.339323 8.25149
0.340432 8.19924
0.341647 8.1974
0.346992 8.28975
0.35547 8.35921
0.367154 8.44256
0.371134 8.61459
0.388403 8.62233
0.394102 8.65167
0.409028 8.61188
0.437658 8.71979
0.462664 8.58665
0.482597 8.29114
0.50967 8.24561
0.542584 8.20652
0.561684 8.28266
0.578723 8.25562
0.582038 8.28521
0.583224 8.13747
0.592972 7.98703
0.597599 8.00815
0.609263 7.88598
0.607561 7.73717
0.600805 7.78874
0.585419 7.80216
0.577621 7.6934
0.571617 7.68807
0.550262 7.76565
0.534385 7.63666
0.523622 7.73679
0.521796 7.68988
0.518726 7.53497
0.5 7.61626
0.478785 7.87864
0.421116 8.18983
0.409109 8.17372
0.384442 8.37637
0.368911 8.45919
0.353433 8.83497
0.339029 8.96199
0.325504 9.23982
0.31186 9.32134
0.316514 9.25379
0.318423 9.29551
0.308954 9.29577
0.319008 9.18387
0.317565 9.13275
0.323215 9.1392
0.322906 9.03915
0.314027 9.0043
0.328098 8.80558
0.324631 8.95093
0.316376 8.71769
0.321168 8.70819
0.320932 8.72039
0.316025 8.65299
0.312757 8.62702
0.319483 8.57999
0.317466 8.57974
0.319149 8.60071
0.318678 8.50412
0.314945 8.45862
0.327279 8.49084
0.321153 8.52839
0.323647 8.66073
0.320212 8.65682
0.321595 8.72973
0.31201 8.68225
0.313802 8.72909
0.31323 8.74965
0.312277 8.71587
0.307519 8.74634
0.309295 8.86729
0.314874 8.87911
0.311075 8.8951
0.304127 8.70385
0.302611 8.95259
0.298701 9.03121
0.301353 8.99235
0.303251 9.12695
0.30795 9.28734
0.306043 9.30614
0.308972 9.45935
0.306317 9.5492
0.310895 9.67444
0.309942 9.55485
0.310044 9.67551
0.313302 9.78692
0.309503 9.82329
0.306736 9.83658
0.306636 9.6809
0.310776 9.7538
0.307583 9.72212
0.311743 9.70417
0.308918 9.53513
0.312517 9.37182
0.317438 9.32501
0.329368 8.96904
0.332375 8.81626
0.337857 8.6567
0.340146 8.52281
0.335277 8.37026
0.316893 8.39241
0.31872 8.42064
0.314311 8.50113
0.304958 8.72617
0.29883 8.6607
0.290784 8.56553
0.283025 8.63293
0.277678 8.72173
0.273279 8.64301
0.266995 8.65965
0.268393 8.6907
0.285809 8.72314
0.337303 8.24973
0.36495 8.1732
0.391406 7.92242
0.433555 8.01918
0.460366 7.8974
0.479167 8.07392
0.477659 7.9676
0.501158 7.92367
0.515254 7.93917
0.528218 7.78239
0.524206 7.45086
0.521549 7.52954
0.530911 7.84386
0.553263 7.6357
0.547552 7.82824
0.541619 7.73919
0.500292 7.78223
0.476106 7.91212
0.48323 7.81875
0.534238 7.75375
0.533289 7.91466
0.553584 7.57028
0.524215 7.44952
0.493317 7.63947
0.455614 7.55967
0.441928 7.44675
0.54597 7.66281
0.483276 7.63229
0.460352 7.8135
0.458047 7.65567
0.464657 7.7022
0.479597 7.64142
0.487766 7.56894
0.486572 7.45452
0.457819 7.62638
0.436431 7.66907
0.420937 7.7788
0.384837 7.88627
0.374089 7.83342
0.371305 7.76171
0.354416 7.94267
0.35763 7.8434
0.359986 7.88243
0.367779 8.074
0.363062 7.95021
0.374108 7.72953
0.361952 8.04105
0.373557 8.10538
0.372424 8.18824
0.316701 8.30509
0.220226 8.16894
0.171162 8.40107
0.0926374 8.23927
0.0472384 8.29711
0.0278322 8.09687
0.00824653 8.1897
0.00139211 8.09701
0 7.91722
0 7.87518
0 7.85039
0.00105319 7.73067
0 8.04229
0 7.75198
0 7.94734
0.0118519 7.77179
0.061412 7.82781
0.104575 7.91675
0.146667 7.97928
0.181077 8.02523
0.226297 8.29
0.288002 8.20915
0.316363 8.36627
0.324462 8.32295
0.322818 8.46055
0.321113 8.2691
0.322318 8.33956
0.32671 8.38427
0.328764 8.35219
0.334158 8.34089
0.340836 8.18649
0.339851 8.18635
0.336449 8.34904
0.329764 8.42407
0.329944 8.37699
0.339922 8.33713
0.343534 8.14503
0.350336 8.14172
0.341663 8.13619
0.344964 8.32908
0.344777 8.40237
0.351683 8.32515
0.360456 8.37452
0.361517 8.15138
0.360118 8.25588
0.354207 8.18123
0.359167 8.25234
0.357195 8.18778
0.360541 8.24194
0.356919 8.2542
0.355228 8.34037
0.366731 8.31223
0.359379 8.35385
0.36492 8.31402
0.362429 8.45984
0.365714 8.46312
0.366651 8.48761
0.363122 8.4156
0.362444 8.31379
0.369365 8.45
0.373059 8.60859
0.374818 8.49099
0.374599 8.54216
0.381159 8.55045
0.390199 8.85621
0.386754 8.8254
0.401481 8.59683
0.411413 8.63176
0.405217 8.5979
0.409836 8.44553
0.401567 8.52777
0.40148 8.71985
0.406261 8.84131
0.414027 9.03276
0.426901 8.9596
0.435185 8.84241
0.430904 8.67596
0.442254 8.4383
0.442201 8.32242
0.442681 8.26854
0.434937 8.16946
0.443111 8.09203
0.442754 8.05833
0.440797 8.03988
0.446077 8.04765
0.458919 8.02281
0.43918 7.96041
0.429139 7.88549
0.412607 7.95066
0.394476 8.04642
0.3791 8.25556
0.370719 8.50043
0.355837 8.59287
0.351773 8.6705
0.346674 8.61111
0.346761 8.71021
0.348224 9.06734
0.350392 9.13772
0.348565 8.94216
0.344503 8.85309
0.336885 8.92318
0.330984 8.89725
0.330428 8.92873
0.338176 8.90172
0.338215 8.78776
0.344637 8.93318
0.3552 8.8526
0.359852 8.75279
0.361984 8.67304
0.373353 8.69298
0.378067 8.69508
0.379474 8.6326
0.380353 8.66203
0.38413 8.69328
0.380663 8.45558
0.384758 8.31183
0.386916 8.31477
0.389218 8.33312
0.393417 8.38093
0.398294 8.48714
0.409566 8.3587
0.421675 8.53732
0.427783 8.2108
0.433027 8.0307
0.429474 7.82516
0.432254 7.93317
0.429739 7.91223
0.438557 7.90838
0.427563 7.799
0.414865 7.86643
0.391633 8.01678
0.376481 8.26635
0.362878 8.41798
0.358018 8.62639
0.35858 8.55106
0.364555 8.60413
0.361753 8.5962
0.360272 8.69787
0.352577 8.65931
0.342956 8.87103
0.338281 8.8231
0.333521 8.8048
0.338132 8.73117
0.346625 8.67574
0.361819 8.44768
0.382284 8.11697
0.384569 8.27183
0.384779 8.26463
0.390214 8.3096
0.391692 8.2135
0.398553 8.30558
0.407836 7.87467
0.424869 7.84475
0.436832 7.84703
0.449042 7.87629
0.457627 7.71148
0.462592 7.77971
0.460351 7.77323
0.47398 7.88167
0.479452 7.7822
0.479915 7.73999
0.472927 7.71887
0.446245 7.61343
0.4266 7.8489
0.415436 7.85039
0.383903 8.08587
0.378277 8.06757
0.359287 8.41235
0.352113 8.67101
0.343123 8.65615
0.355466 8.47537
0.345057 8.27937
0.340282 8.46259
0.33259 8.48461
0.324257 8.6456
0.309219 8.94276
0.293103 9.18796
0.290731 9.11197
0.298477 9.3394
0.297305 9.36695
0.308894 9.22433
0.362676 8.98791
0.405224 9.15695
0.436818 9.87529
0.422792 9.56514
0.403665 9.48008
0.466852 9.61284
0.497922 9.839
0.563972 9.76274
0.536689 8.85968
0.498695 8.91059
0.485653 8.6409
0.457083 8.65709
0.448185 8.66909
0.437065 8.52722
0.441894 8.45766
0.433496 8.3055
0.427915 8.52323
0.431299 8.34767
0.424907 8.15244
0.411055 7.8504
0.421439 7.80195
0.422083 7.89114
0.423526 7.77972
0.429674 7.5775
0.429427 7.60132
0.436736 7.74907
0.433671 7.84812
0.440246 7.72421
0.446493 7.6984
0.452731 7.54549
0.461369 7.57411
0.470151 7.5555
0.474993 7.64342
0.486986 7.71406
0.490053 7.68468
0.492626 7.89786
0.515533 8.1368
0.536744 8.13405
0.587185 8.34212
0.568098 7.35262
0.647219 7.44243
0.39955 9.7664
0.420183 9.18396
0.433369 9.72665
0.438518 9.44195
0.460094 8.86136
0.449774 8.66857
0.437154 8.72791
0.425259 8.79928
0.407927 8.87478
0.387636 8.91106
0.37199 8.68868
0.362926 8.76171
0.36529 8.75035
0.362689 8.5405
0.362594 8.45511
0.354555 8.42767
0.356721 8.59423
0.348713 8.59179
0.346819 8.59408
0.342251 8.71921
0.339098 8.66243
0.340932 8.58085
0.337933 8.54541
0.344246 8.4061
0.34401 8.38715
0.346582 8.68661
0.349279 8.56404
0.34468 8.72179
0.34229 8.72351
0.341604 8.69737
0.34015 8.83692
0.33992 8.72637
0.340728 8.68159
0.334912 8.6924
0.34125 8.67757
0.339461 8.81292
0.34158 8.81246
0.335823 8.94377
0.330044 9.16693
0.329874 9.41659
0.330667 9.14612
0.331382 9.15992
0.345682 9.09268
0.399249 8.86087
0.419749 8.73132
0.426379 9.15687
0.428219 9.77491
0.391238 10.7581
0.392008 10.5253
0.364117 11.6163
0.399393 11.8064
0.427668 11.6053
0.429847 11.2061
0.451037 10.8854
0.466246 10.6379
0.429418 10.6346
0.417194 10.6616
0.420273 10.4559
0.415747 10.4471
0.416793 10.5086
0.428842 10.4291
0.454475 10.2502
0.486339 9.90599
0.5278 9.34467
0.553174 8.93986
0.593106 8.69412
0.636881 8.2484
0.634809 8.11308
0.621212 8.30569
0.623564 8.33208
0.627947 8.67127
0.661325 8.83039
0.655411 8.49539
0.620981 8.55482
0.607143 8.23604
0.630125 8.07037
0.663725 8.12849
0.660419 8.03256
0.641167 8.33154
0.644118 8.46803
0.644548 8.22338
0.629598 8.0463
0.612436 8.29182
0.618902 8.42336
0.583153 8.73822
0.571308 9.30206
0.551146 9.44176
0.521906 9.64634
0.514663 9.67012
0.511652 9.94991
0.495601 10.0445
0.476088 10.2367
0.47574 10.1981
0.466766 10.43
0.464136 10.2228
0.459395 10.0919
0.459121 10.0601
0.44713 10.1665
0.446045 9.91884
0.448986 9.87114
0.44529 10.0635
0.437875 10.1082
0.424339 10.1204
0.41664 9.99908
0.425429 9.72006
0.425194 9.72114
0.421512 9.67462
0.411783 9.71167
0.411537 9.68953
0.395159 9.99859
0.410377 9.83351
0.404557 9.91968
0.402144 10.0556
0.384229 10.1839
0.387154 10.07
0.373807 10.2071
0.371023 10.0309
0.376703 10.0461
0.387766 9.95469
0.392837 9.89148
0.394418 9.95583
0.416158 9.98216
0.426979 10.0167
0.44032 9.89458
0.442302 9.85617
0.457353 9.88397
0.467675 9.81498
0.485608 9.68804
0.474587 9.63744
0.454381 9.72919
0.47822 9.61709
0.464263 9.55754
0.446345 9.80973
0.435012 9.75125
0.429446 9.89422
0.418315 9.87905
0.422734 9.83157
0.426159 9.76593
0.430644 9.8608
0.436692 9.75831
0.453083 9.80847
0.456279 9.65256
0.456862 9.89075
0.471002 9.87577
0.483001 10.0812
0.498163 10.0322
0.509959 9.83285
0.533379 9.46814
0.513304 9.52625
0.507971 9.58722
0.481962 9.77222
0.45284 9.51938
0.548947 9.7963
0.617167 9.65473
0.609201 9.18257
0.559179 9.64547
3.40282e+38 3.40282e+38
0.249897 12.7698
3.40282e+38 3.40282e+38
3.40282e+38 3.40282e+38
3.40282e+38 3.40282e+38
0.442478 10.4321
0.44797 9.66499
0.454678 9.58804
0.412075 9.70465
0.487568 10.0566
0.417659 9.51504
0.552068 10.548
0.576047 10.4168
0.605611 10.3779
0.625 10.4829
0.641084 9.86846
0.671249 9.61076
0.654755 9.42351
0.678342 9.08436
0.655252 9.53752
0.647734 9.70494
0.628249 9.48629
0.612831 9.46877
0.606113 9.50374
0.598266 9.81789
0.529905 9.86781
0.456758 9.75234
0.442317 9.8538
0.431755 10.0806
0.444292 9.86953
0.446947 9.60573
0.433361 9.52252
0.418055 9.32306
0.405808 9.25804
0.384099 9.64104
0.353737 9.82577
0.347272 10.0121
0.341287 9.83159
0.32881 9.65949
0.340274 9.57289
0.365605 9.36068
0.363327 9.28402
0.363593 9.49967
0.369419 9.51138
0.367089 9.54823
0.378216 9.38293
0.379395 9.34175
0.378298 9.26839
0.377182 9.12189
0.366726 9.07489
0.374835 8.9211
0.380631 8.46175
0.375337 8.3803
0.382719 8.20642
0.382503 8.23583
0.377784 8.05427
0.384706 7.74119
0.380867 7.73264
0.378852 7.6504
0.367096 7.70957
0.368198 7.64309
0.360072 7.519
0.352389 7.66889
0.346176 7.70794
0.34949 7.71119
0.350843 7.69998
0.351337 7.99798
0.346283 8.31791
0.351213 8.28553
0.344717 8.3859
0.35304 8.46608
0.341743 8.63663
0.352686 8.63282
0.365954 8.69033
0.37895 8.65519
0.38252 8.34741
0.395876 8.04431
0.403904 8.16669
0.393876 8.29243
0.401834 8.62264
0.403791 8.97837
0.40747 8.9329
0.405928 9.01194
0.412424 9.07559
0.399137 8.99918
0.404926 9.03791
0.397597 9.15336
0.396821 9.55251
0.398826 9.77208
0.392476 10.2001
0.377442 10.3705
0.374758 10.2651
0.362985 10.4463
0.35825 10.1296
0.361873 10.4068
0.361002 10.2745
0.359544 10.234
0.360307 10.1652
0.342626 10.0031
0.334614 10.1512
0.330345 9.89608
0.325657 9.74347
0.330456 9.61235
0.340566 9.1797
0.360942 9.16554
0.375771 8.73149
0.384573 8.79923
0.397035 8.78428
0.401995 9.35613
0.423108 9.62632
0.434142 10.0141
0.451404 10.2376
0.473047 10.0426
0.489688 10.0009
0.51357 10.5907
0.535627 10.392
0.549656 10.3936
0.567207 10.3567
0.585317 10.2177
0.598029 9.98577
0.589542 9.78907
0.603833 9.40291
0.616329 8.96445
0.616833 9.03285
0.603333 9.21929
0.613474 9.22904
0.629672 9.13625
0.604328 9.19551
0.575218 9.11517
0.580451 9.18774
0.581169 9.19016
0.581552 9.04222
0.568429 8.80259
0.584337 8.888
0.590469 8.9728
0.578216 9.0237
0.567538 9.14541
0.570074 9.10337
0.562585 9.39015
0.5064 9.71081
0.467172 9.83274
0.442663 10.1714
0.445042 10.2449
0.435595 10.5123
0.442882 10.2575
0.445722 10.2617
0.429397 10.2518
0.426426 10.2682
0.420715 10.4145
0.417658 10.3843
0.400522 10.4238
0.382533 10.0335
0.378173 10.0352
0.359469 9.78928
0.359375 9.71367
0.356106 9.34118
0.355422 9.27498
0.35859 9.4951
0.353907 9.72185
0.358273 9.56722
0.354601 9.75514
0.353957 9.87473
0.340155 10.0892
0.334552 10.0579
0.342043 9.98987
0.342462 10.0466
0.344504 9.76423
0.339618 9.96351
0.341841 9.88311
0.344572 9.93543
0.345733 9.77182
0.34993 9.66292
0.351636 9.67466
0.362349 9.62669
0.373289 9.24481
0.370793 9.34282
0.368225 9.38924
0.370428 9.45416
0.363894 10.5045
0.370988 10.8765
0.388558 10.8224
0.385002 10.9538
0.399726 10.7704
0.410696 10.7783
0.426676 10.8316
0.435501 10.7662
0.445445 10.5733
0.465343 10.3922
0.488881 10.1962
0.510249 9.81435
0.538883 9.19208
0.557334 8.7898
0.569966 8.63817
0.578481 8.68172
0.577855 8.77262
0.546314 9.08388
0.490119 9.67973
0.4477 10.0133
0.411425 10.0915
0.399261 9.69907
0.386988 9.54723
0.376421 9.47925
0.372612 9.52313
0.355805 9.46487
0.355927 9.45549
0.342061 9.37317
0.333154 9.12221
0.334605 8.86653
0.339653 8.93978
0.33028 8.84219
0.324906 8.72713
0.323156 8.83813
0.321409 8.80881
0.321765 8.7536
0.321111 8.61984
0.325334 8.71564
0.330506 8.61612
0.329776 8.53802
0.325873 8.46115
0.325321 8.48219
0.322643 8.44645
0.323618 8.36408
0.327298 8.42458
0.329468 8.44387
0.33362 8.43639
0.351655 8.40813
0.362195 8.41884
0.369207 8.7843
0.376812 8.95042
0.377249 9.1343
0.384993 9.43274
0.380184 9.48943
0.389298 9.41224
0.396921 9.29437
0.393709 9.2963
0.397586 9.45326
0.393157 9.47198
0.39187 9.05822
0.384936 8.61338
0.385005 8.48265
0.364763 8.75757
0.362592 8.92479
0.351836 8.93007
0.346851 8.88682
0.339356 8.67999
0.340146 8.75101
0.337437 8.74204
0.333333 8.92699
0.339895 8.90717
0.333518 8.7801
0.337493 8.66109
0.333333 8.76117
0.337819 8.76947
0.33799 8.70845
0.336877 8.77946
0.332784 8.82782
0.335556 8.85982
0.344444 8.89636
0.359425 8.96731
0.381241 8.65732
0.389688 8.66664
0.383125 8.69753
0.39202 9.14527
0.386299 9.2173
0.391193 9.4618
0.406565 9.48773
0.407083 9.44572
0.403952 9.32104
0.40261 9.23452
0.400261 9.09495
0.401314 8.89988
0.398629 8.89864
0.403636 8.8345
0.399406 8.74871
0.398574 8.84822
0.378125 8.74593
0.361312 8.79821
0.351224 8.73891
0.344464 8.78205
0.342363 8.60934
0.343232 8.73153
0.337243 8.82453
0.334661 8.93503
0.335781 8.92992
0.334086 8.92485
0.327773 9.03983
0.324092 9.16403
0.328077 9.16321
0.327654 9.26995
0.327471 9.27334
0.330996 9.15762
0.334652 9.13054
0.333144 8.97505
0.341163 8.79694
0.342218 8.92919
0.345867 9.12487
0.346263 9.15508
0.343009 9.04663
0.347403 9.01381
0.339896 8.96299
0.345261 8.80581
0.343156 8.70691
0.339114 8.78932
0.346622 8.74211
0.354207 8.86622
0.395475 8.46702
0.469714 8.49692
0.445155 8.71502
0.407665 9.57963
0.40257 11.2556
0.437896 11.7771
0.454827 11.1035
0.477873 10.5692
0.513331 9.11683
0.546727 8.46917
0.550484 8.55548
0.590974 8.632
0.574922 8.46669
0.596053 8.70449
0.590129 8.55978
0.566195 8.65281
0.536867 8.28521
0.505085 8.40045
0.489078 8.61814
0.48795 9.05239
0.46776 9.72539
0.42406 10.2716
0.357238 10.7343
0.334749 10.7573
0.356825 10.7004
0.393232 10.5044
0.490926 9.91358
0.59795 9.41834
0.606472 9.2399
0.614875 9.73152
0.463095 10.5553
0.448359 10.6073
0.431687 10.4035
0.395671 10.4257
0.381167 10.1823
0.370185 10.7448
0.373947 10.125
0.374888 10.0281
0.389236 9.89321
0.405414 9.49365
0.41345 9.37028
0.428571 9.45049
0.440897 8.94752
0.439153 8.73373
0.421328 8.88972
0.413346 8.77242
0.420687 8.75765
0.413126 8.67896
0.424302 8.6526
0.430616 8.65881
0.428764 8.68318
0.406575 8.79966
0.383812 8.95975
0.36308 9.06491
0.346812 9.44855
0.328217 9.44508
0.298755 9.79983
0.282099 9.96874
0.277564 10.0438
0.286054 9.56229
0.294489 9.2539
0.297128 9.03468
0.311976 8.95363
0.327007 9.07091
0.326309 8.84348
0.328622 8.8319
0.324495 8.68331
0.330604 8.76986
0.334101 8.78132
0.326153 8.85976
0.33407 8.37704
0.337007 8.24008
0.34738 8.54844
0.36776 8.55588
0.374122 8.68373
0.400311 8.59012
0.412516 8.70269
0.431771 8.54028
0.447018 8.46884
0.443433 8.51094
0.440871 8.44563
0.420241 8.51688
0.393401 8.90269
0.392281 8.91536
0.37069 8.93697
0.356982 8.8445
0.332336 9.17025
0.324768 9.17819
0.370473 8.65873
0.373528 8.44371
0.390051 7.95593
0.425758 8.18857
0.440083 8.2949
0.442544 8.5797
0.439058 8.78127
0.42788 9.16363
0.464715 8.59524
0.426019 9.22572
0.457214 8.56322
0.435342 8.64981
0.369006 9.19213
0.384403 9.1102
0.361667 9.63588
0.388703 9.94248
0.418925 10.181
0.446992 9.40038
0.451707 9.13753
0.476471 9.02648
0.50019 8.9965
0.494803 9.07831
0.497453 9.2154
0.481562 9.08095
0.479507 9.12119
0.475262 8.80004
0.474776 8.87263
0.499819 8.76677
0.493483 8.79624
0.483097 8.93994
0.491703 9.05696
0.476551 8.95794
0.460199 9.16154
0.469845 9.19875
0.491791 9.6971
0.515328 10.1789
0.53673 9.61326
0.527652 9.37076
0.485167 9.37409
0.490779 9.93979
0.496973 10.3675
0.447132 10.8221
0.350979 11.2066
0.386076 11.2707
0.421652 11.4808
0.448182 11.3101
0.453007 10.5854
0.398444 10.4073
0.405839 10.2968
0.404938 10.2042
0.447487 10.399
0.456354 10.2747
0.448775 10.224
0.443137 10.2981
0.433795 10.4803
0.433219 10.6424
0.429828 10.7195
0.42835 10.6568
0.429638 10.6719
0.417266 10.593
0.376553 10.5983
0.374854 10.4509
0.364308 10.5768
0.369863 10.6512
0.360605 10.5856
0.355642 10.5545
0.370181 10.5186
0.37011 10.3871
0.381157 10.4486
0.376415 10.4519
0.37111 10.5767
0.379377 10.5709
0.382816 10.4006
0.384083 10.4907
0.381507 10.3785
0.376778 10.3571
0.388176 10.4421
0.386935 10.5594
0.388545 10.5264
0.385759 10.4445
0.400632 10.5441
0.405244 10.5542
0.398805 10.4578
0.415721 10.3986
0.410831 10.5338
0.413934 10.4238
0.412252 10.4371
0.412031 10.515
0.403523 10.3954
0.393755 10.5646
0.369352 10.684
0.361694 10.8665
0.355839 11.1099
0.335789 11.0164
0.336216 11.0004
0.325432 10.7352
0.333682 10.5883
0.351601 10.635
0.364123 10.7958
0.386864 10.4716
0.390057 10.4556
0.388117 10.4619
0.388633 10.3306
0.377956 10.4178
0.381099 10.3352
0.380228 10.3878
0.387997 10.516
0.376062 10.5304
0.35814 10.499
0.348008 10.6571
0.347693 10.758
0.356877 10.812
0.342336 10.7494
0.33709 10.7255
0.336317 10.5508
0.34072 10.4546
0.34257 10.4611
0.349687 10.457
0.342418 10.5409
0.354896 10.6118
0.34217 10.6621
0.348895 10.6595
0.349785 10.6875
0.348452 10.5632
0.323728 10.489
0.34829 10.7825
0.352349 10.561
0.336463 10.3692
0.344775 10.6443
0.345126 10.4409
0.343763 10.5697
0.3515 10.5176
0.375274 10.3935
0.376589 10.2982
0.379835 10.4056
0.38011 10.4063
0.373097 10.5014
0.35774 10.775
0.337577 10.8869
0.322168 10.9932
0.312779 11.0228
0.297619 10.8653
0.292493 10.8221
0.281261 10.7182
0.262175 10.9282
0.260247 10.7115
0.252304 10.5784
0.236154 10.7955
0.303491 10.4654
0.308511 10.3092
0.363395 10.045
0.361303 9.848
0.365947 9.35149
0.32409 8.98178
0.393305 9.66334
0.445711 9.21215
0.484408 8.65125
0.504898 8.36651
0.492323 8.15151
0.487147 7.85478
0.497645 7.70856
0.484508 7.87829
0.492289 7.81455
0.502724 7.80037
0.502433 7.89771
0.516864 7.68645
0.519149 7.47647
0.531039 7.38089
0.534038 7.3326
0.536881 7.2719
0.529828 7.45696
0.526074 7.34645
0.527422 7.37505
0.527931 7.17237
0.538178 7.2163
0.52884 7.31002
0.52968 7.35313
0.520073 7.32648
0.523853 7.2816
0.517862 7.59462
0.525986 7.69609
0.544292 7.7272
0.540269 7.61094
0.547354 7.65237
0.558591 7.26078
0.509299 6.96269
0.530435 9.54085
0.422087 11.5123
0.337972 13.0446
0.30184 13.6997
0.27326 13.7179
0.25193 13.2864
0.259964 12.8016
0.291952 12.44
0.333053 12.1093
0.357482 10.6105
0.378912 9.45398
0.390439 9.0779
0.410059 8.87626
0.424284 8.91847
0.440573 8.56814
0.441518 8.39587
0.446619 8.20321
0.446906 8.17493
0.441413 8.15393
0.448986 8.24342
0.444189 8.32289
0.440697 8.23575
0.436353 8.31166
0.454098 8.49104
0.448873 8.43219
0.4493 8.41942
0.435998 8.66666
0.425726 8.9802
0.413587 8.92513
0.417185 9.08004
0.395961 9.08774
0.39765 9.06795
0.391798 8.97244
0.393426 8.97317
0.389624 9.15091
0.389072 8.89865
0.393184 8.59189
0.40036 8.56495
0.424528 8.56328
0.426794 8.35368
0.439549 8.10341
0.444534 8.13219
0.443371 8.09702
0.429487 8.37979
0.422317 8.62268
0.423756 8.7716
0.445528 8.99893
0.468585 9.14319
0.474426 9.17729
0.508454 8.80962
0.480651 9.10872
0.439627 9.89412
0.458292 9.97881
0.434314 10.1996
0.410245 11.0842
0.436531 10.7792
0.369591 10.3565
0.406628 10.0568
0.407492 9.89126
0.400739 10.0207
0.407394 10.2618
0.423679 10.1632
0.424563 9.90602
0.428153 9.72571
0.429828 9.67233
0.423525 9.76619
0.420595 9.74447
0.427531 9.70681
0.429094 9.69264
0.432018 9.42508
0.440622 9.41452
0.441645 9.21459
0.439079 9.30013
0.43887 9.36241
0.440968 9.38605
0.443038 9.35842
0.437593 9.40527
0.434019 9.4236
0.441243 9.38401
0.444191 9.4007
0.434041 9.29521
0.434206 9.29566
0.4347 9.33084
0.429376 9.2859
0.423494 9.31702
0.430128 9.27936
0.420659 9.34368
0.410056 9.20913
0.39635 9.40738
0.389531 9.50312
0.38798 9.55244
0.402878 9.62146
0.398502 9.51636
0.399506 9.33
0.402338 9.18496
0.413866 9.02236
0.415442 8.98238
0.427198 9.05623
0.422048 9.0766
0.433744 9.13776
0.422198 9.18967
0.431154 8.8923
0.416316 9.3797
0.440486 8.90509
0.447049 8.91713
0.434032 8.63501
0.432754 8.46597
0.413624 8.61629
0.419948 8.3481
0.4157 9.80185
0.43985 10.6276
0.471259 10.3892
0.566983 10.921
0.574561 11.0217
0.455495 10.6309
0.438982 10.4181
0.493396 10.3944
0.503698 10.5698
0.473079 10.7265
0.459659 11
0.450487 10.8715
0.457224 10.8155
0.461093 10.7312
0.45655 10.7135
0.459943 10.5153
0.458015 10.4831
0.453996 10.5853
0.452389 10.3563
0.454575 10.3326
0.443022 10.5502
0.436004 10.6205
0.435656 10.4075
0.450133 10.2953
0.431818 10.2203
0.449967 10.1151
0.443704 10.2988
0.468166 9.89359
0.46777 10.2984
0.484319 10.0566
0.490844 10.1363
0.485663 10.1739
0.492375 10.2035
0.501473 10.0072
0.504829 9.84506
0.512149 9.84623
0.516799 9.71534
0.521789 9.65181
0.531407 9.57924
0.531043 9.59108
0.526762 9.45124
0.517446 9.38529
0.504813 9.33767
0.484083 9.71937
0.476748 9.71447
0.446059 9.61185
0.425519 9.84404
0.401371 9.83045
0.383758 9.84317
0.365595 9.93632
0.382026 9.75382
0.394944 9.25421
0.406076 9.26188
0.400858 9.05682
0.446047 9.02528
0.445724 8.72771
0.527494 8.80039
0.498268 7.95069
0.513879 8.07905
0.541916 8.15102
0.544361 7.99552
0.529324 7.99158
0.466819 8.17499
0.550824 7.9829
0.404304 7.72502
0.368382 7.36753
0.272088 7.12333
0.542062 9.09505
0.560836 8.87717
0.401325 8.67237
0.475603 9.29494
0.45987 9.34577
0.451867 9.04939
0.448959 9.17555
0.446402 9.11171
0.436677 8.91755
0.457977 9.04129
0.478525 8.889
0.475925 8.94561
0.443655 8.98387
0.440877 8.98292
0.442418 9.07952
0.419152 9.04913
0.429634 9.05273
0.471179 9.20288
0.493201 9.43803
0.466837 9.32751
0.467709 9.76135
0.464662 9.47892
0.450296 9.6218
0.43173 9.27295
0.389978 9.24748
0.38587 8.93151
0.442711 7.9819
0.510429 7.8388
0.427503 8.28504
0.391937 8.65753
0.309684 8.78453
0.265412 8.92736
0.268435 8.95605
0.244509 9.92421
0.242412 10.4051
0.305417 10.2546
0.290689 10.7776
0.302208 11.0265
0.299488 10.8583
0.285714 10.9837
0.314822 10.1713
0.327626 10.0431
0.321567 10.0726
0.335761 10.1962
0.338218 10.1345
0.357419 10.0018
0.360204 10.0041
0.357284 10.1088
0.363194 10.038
0.350913 10.0299
0.360731 10.2563
0.341434 10.3124
0.332421 10.4073
0.310411 10.4539
0.304542 10.5354
0.316032 10.0091
0.332789 9.62626
0.339984 9.67255
0.359356 9.52482
0.384073 9.41517
0.411183 9.39975
0.430446 9.5748
0.440147 9.27707
0.447717 8.82915
0.440524 8.78472
0.444109 8.66896
0.472634 8.46874
0.475141 8.43537
0.468367 8.5043
0.459405 8.39169
0.510512 8.16627
0.500765 8.32565
0.504658 8.24608
0.519805 7.95249
0.552304 7.90106
0.514029 8.302
0.541689 8.24809
0.577887 8.04314
0.620963 7.64396
0.612302 7.7012
0.629651 7.81066
0.620651 7.86952
0.631995 7.75087
0.638058 7.95095
0.655599 7.96681
0.711538 7.88774
0.720878 8.15525
0.710153 8.76891
0.635322 9.18167
0.574614 9.66679
0.558511 9.36596
0.518234 8.9992
0.502405 9.15466
0.46669 9.40848
0.454915 9.38544
0.445361 9.42926
0.412102 9.49765
0.401814 9.86576
0.405761 9.9754
0.39831 10.0398
0.379514 10.0948
0.37149 10.3123
0.358104 10.2711
0.348198 10.1838
0.351112 10.401
0.354966 10.4418
0.359914 10.3376
0.367209 10.0947
0.362248 10.0074
0.364968 10.0495
0.359612 10.1009
0.366545 9.96945
0.366424 9.97319
0.36518 10.1098
0.364389 10.215
0.361689 10.423
0.371093 10.2561
0.375758 10.1188
0.376816 10.0251
0.371015 10.1446
0.3714 10.1642
0.374746 10.266
0.383148 10.3996
0.396688 10.7998
0.437303 10.2246
0.433533 10.0454
0.453883 9.82719
0.461127 9.52149
0.468193 9.03853
0.473571 8.98474
0.470664 8.96312
0.487901 8.76066
0.500893 8.47555
0.512007 8.53079
0.535599 8.49467
0.559615 8.23508
0.578843 8.04693
0.575439 7.9735
0.568817 7.84291
0.579528 7.56562
0.584132 7.35611
0.587831 7.38659
0.560123 7.50946
0.525748 7.83094
0.480983 8.0723
0.452257 8.42732
0.403313 8.97487
0.378722 9.28892
0.365862 9.61199
0.369455 9.74127
0.341637 10.0121
0.346855 10.146
0.347799 10.1775
0.348823 10.2336
0.356072 10.1891
0.348837 10.153
0.34209 10.2586
0.337966 10.5159
0.342144 10.4486
0.342305 10.3759
0.340276 10.3076
0.337314 10.3596
0.335853 10.3815
0.338274 10.4177
0.348383 10.3142
0.343668 10.3617
0.34118 10.3948
0.34118 10.4679
0.346535 10.3953
0.346098 10.4766
0.343032 10.4598
0.343214 10.4711
0.347033 10.4837
0.356488 10.2687